Mixture	B cells naive	B cells memory	Plasma cells	T cells CD8	T cells CD4 naive	T cells CD4 memory resting	T cells CD4 memory activated	T cells follicular helper	T cells regulatory (Tregs)	T cells gamma delta	NK cells resting	NK cells activated	Monocytes	Macrophages M0	Macrophages M1	Macrophages M2	Dendritic cells resting	Dendritic cells activated	Mast cells resting	Mast cells activated	Eosinophils	Neutrophils	P-value	Correlation	RMSE	Absolute score (sig.score)
CHG020317	0.0239244733630899	0	0.0620592950003442	0.052939547398661	0	0.109569506222153	0	0.0104834854153113	0	0	0.0266455207693745	0.0216950163738035	0.0330496043200106	0.0392950891305577	0	0.146624950677413	0	0	0.0291252571461127	0.00948129079237929	0	0.00992216139778696	0.014	0.245716645618235	0.982188573011335	0.574815198006997
CHG020280	0.0424415913819118	0	0.169724019796458	0.170626280827354	0	0.187870673822143	0	0.0352566647606982	0	0	0.103383921347755	0.0323455187014031	0.0870442850399258	0.132204271854831	0	0.281132694350003	0	0.0469671839547893	0.205684136249934	0	0	0	0.012	0.253322678920114	0.976783249137912	1.49468124208721
CHG019741	0.00311750703368213	0	0.0410753872418302	0.138301651056034	0	0.260581982348846	0	0	0	0	0.0829576096223982	0.0514331026041424	0.0889855582076246	0.0346130178833526	0.00141270565717085	0.322655146012074	0	0.0637019391335139	0.119045560780835	0	0	0.00677774851907249	0.001	0.342441104154995	0.942901989878555	1.21465891610058
CHG020286	0	0.00264303563182024	0.0298583101043759	0.135247481069577	0	0.342417171906857	0	0	0	0	0.0721069370236781	0.0717681982986754	0.0778249545017144	0.171096573850692	0	0.382841760339512	0	0.0496561384385985	0.0349881692469846	0.0764234589851623	0	0.0332263716652861	0.015	0.236656275220694	0.995043801053188	1.48009856106293
CHG020301	0	0	0.109898504185968	0.0785733610282283	0	0.35763676942113	0	0.0189746580712037	0.00397008335023001	0	0.181614551583656	0.0523955251512271	0.154462958314764	0	0.000386237826111224	0.213379499539591	0.00863258156686727	0	0.262813198272826	0	0	0	0.018	0.225647175544355	0.996829619625026	1.4427379283118
CHG020250	0	0	0.0271931971799998	0.0769931571725726	0	0.253914407153855	0	0	0	0	0.00434764783359071	0.0483293495898223	0.109422437493996	0.00650269581302308	0	0.698117491698195	0	0.0249210558896972	0.274619751076048	0	0	0	0.001	0.411507468917859	0.912778876424176	1.5243611909008
CHG020025	0	0	0.0236026098423938	0.0960375179195844	0	0.337546631629871	0	0.0319651490483837	0	0	0.0862555271438238	0.0268386286947276	0.134766605812755	0.0859107128446255	0	0.593637073543643	0	0.0993466603290936	0.150281265510006	0	0	0	0.00600000000000001	0.279681715175256	0.972817652650677	1.66618838231891
CHG020780	0.0230751144349111	0	0.0478516251947744	0.121393493289431	0	0.425037053325937	0	0.0137703048031583	0.00501095076869482	0	0.126838725045075	0.0110343057697677	0.132878887450518	0	0.0315027848530071	0.281435689018149	0	0.0104836337057406	0.392522560374922	0	0	0	0.004	0.308425599434064	0.960044412361175	1.62283512803409
CHG021787	0.00817088210312217	0	0.0466622231578323	0.126492968226568	0	0.530156256387257	0	0	0	0	0.209531542668139	0.00075261752095278	0.157463586889156	0	0	0.320944755221203	0	0.0422713033498996	0.121684829846305	0.00861411537641749	0	0.0629982793141354	0.014	0.247409778880556	0.989374196835023	1.63574336006099
CHG019689	0.00789919844607653	0.000967180710571359	0.0114448961531348	0.152075658023512	0	0.474720144370646	0	0.00472115531930035	0.00860502699821617	0	0.131538762804684	0.0428352294959485	0.153016295158084	0.00106718628303108	0.0306356547364935	0.270639106491274	0	0.0145662693810258	0.226049509026044	0	0	0	0.003	0.318900605323174	0.956735519053377	1.53078127339804
CHG021812	0.0342349406913144	0	0.105428619215713	0.0918321703879627	0	0.326258502611324	0	0	0	0	0.0883568583913482	0.00330498593664525	0.109708280123924	0.218791346025277	0	0.993908651463885	0.00216433531431928	0.026256995699145	0.157683442744993	0	0	0	0.001	0.415767981426485	0.911618464594323	2.15792912860585
X4942N	0	0.0173177969828056	0.0763316988791155	0.151284584645582	0	0.365103172183014	0	0	0	0	0.174788078078041	0.0579441777459521	0.110694099650316	0.0387408838074758	0.00546033421030872	0.400573598587612	0	0.0667260034340976	0.142713776315001	0	0	0.0118461430581726	0.001	0.347611758782298	0.94061840851528	1.61952434757749
CHG021095	0	0	0.103006344836268	0.0854998671526086	0	0.219837480519961	0	0.059664216326077	0	0	0.0229497156366064	0.022770568972897	0.0448171719625976	0.0698191024744933	0	0.326798147666181	0	0.0558750797339659	0.353239764258051	0.0341970492942935	0	0.0213329975983335	0.001	0.32944786961332	0.949503588977697	1.41980750643233
CHG021102	0.0480718586252413	0	0.0803199549547404	0.119151881284228	0	0.488437918859826	0	0.018291214025432	0	0	0.0937209294446289	0.0293025856197051	0.13098717319984	0.0751959119880379	0.0867517592704885	0.343498667426992	0	0	0.193500342184015	0	0	0.0108143734096496	0.001	0.403758491550809	0.914156634696348	1.71804457029282
CHG020324	0	0	0.24283646178388	0.268406639866488	0.0688832662845531	0.161728519759954	0	0	0	0	0.155958555560348	0.015217309851217	0.137596542768402	0.0422068195516332	0	0.147699998650448	0.0118803177101346	0.0504322479924246	0.0909728336773702	0	0	0	0.005	0.296511295576065	0.961839072977062	1.39381951345685
X5069N	0	0.00978094654039712	0.0378549288554103	0.202978641691992	0	0.448395974076667	0	0.00734789778467422	0	0	0.165802943366229	0.0685106860721811	0.192816521772302	0.073359153344254	0.0175142301061598	0.316068792426962	0	0	0.118458157725652	0	0	0	0.004	0.303129569027248	0.965341572351888	1.65888887376288
CHG020810	0	0	0.0819583973763097	0.0984434995260454	0	0.37996586397093	0	0.00425007421132799	0	0	0.0562040103393797	0	0.076459188075074	0.0245017008687379	0.000146187879805607	0.446377508233173	0	0.0518266794759609	0.127517645495013	0.0663177362324115	0	0.0234983256375297	0.00700000000000001	0.27262496594114	0.972955071456462	1.4374668173217
CHG019687	0.0757065149547541	0	0.0155902517543685	0.0600807960009239	0	0.354411320439638	0	0	0.00271040972743794	0	0.134165580212704	0.0604608854135974	0.103474314829189	0.0119884209434376	0.00716041575424132	0.266679674558973	0	0	0.392736886366532	0	0	0	0.001	0.364814163710429	0.935022616565723	1.4851654709558
CHG019509	0.019447810713408	0	0.0215268324887204	0.0625781872519781	0	0.320019656738625	0	0	0	0	0.110793055834624	0	0.0706084886334664	0.120009191570473	0	0.355318769591752	0	0.025127133068184	0.195955891521748	0	0	0.0205992727159406	0.003	0.315523399784688	0.955748871755009	1.32198429012892
CHG019501	0	0	0.0497403668161013	0.100255846038048	0	0.273833982836128	0	0	0	0	0.123763479957637	0.0320426515144963	0.0700554998450523	0.0515052039752178	0.0193304376783471	0.432891711005376	0	0.0583691454783104	0.191269828029861	0	0	0.00104492753931075	0.001	0.352639035167196	0.937923456175958	1.40410308071389
CHG019499	0	0	0.045583763189934	0.121864983778596	0	0.290885338731306	0	0.00323089576667488	0	0	0.119791575387392	0.0194814972237596	0.0590873424950894	0.0741634036902737	0	0.47093501896592	0	0.0541738139975337	0.188767843174681	0	0	0	0.001	0.362064123738012	0.934305882912528	1.44796547640116
CHG019788	0	0	0.0388208079280711	0.161830607367588	0	0.253286760234818	0	0	0	0	0.221945458485612	0.0366273106200546	0.0987841902943882	0.166421425899724	0	0.24060677894477	0	0.0399550457849691	0.225988600567943	0	0	0	0.005	0.30031182599539	0.965446887695373	1.48426698612794
CHG018367	0.0205012445805549	0	0.0476367500172139	0.0784466512410242	0	0.40645882411274	0	0	0	0	0.128020844201472	0.0211158888133302	0.126774493835606	0.00852040771239737	0	0.238578854143574	0	0.0585993845520611	0.192099230612979	0	0	0.0227226293571387	0.001	0.355851165825911	0.936468946360665	1.34947520318009
CHG020270	0.0206592174961631	0	0.0121926685161925	0.153270025196735	0	0.404390313835029	0	0	0	0	0.187163702832576	0.00135239782964646	0.0694635561166321	0.186729278134404	0	0.256884159803563	0	0.0689586065114456	0.058947586380624	0	0	0.0230340786453	0.003	0.313523179561896	0.961368890823269	1.44304559129831
CHG020278	0.0977313690606065	0	0.0803211502673079	0.167638503428735	0	0.407469537132772	0	0.00977451990511707	0	0	0.0637873904982224	0.0778124438220425	0.0944094083010499	0	0.0262827190298984	0.324239619752945	0.00641837560953777	0.018540383337365	0.332560001269783	0	0	0.0304255809397368	0	0.431291103217584	0.901555272685443	1.73741100235512
CHG019743	0.0220092784875262	0	0.077166017948552	0.155238676471477	0	0.200225508664448	0	0.0317206108655774	0	0	0.0632674489855725	0.00255800122707586	0.0517111424278254	0.0130405652587446	0	0.573851907416638	0	0.0126610566191221	0.257924467414064	0	0	0	0.001	0.380564878500711	0.92589948228534	1.46137468178662
CHG019709	0.0513326670773354	0.0665763085712456	0.126275927861289	0.133857709739856	0	0.323334119416072	0	0.000131208398951698	0	0	0.0745181658289596	0.032182123288793	0.101385862010279	0	0.00614019745743528	0.461367688119606	0	0.0458749248376779	0.133834399620067	0	0	0.00400931391521001	0.001	0.385935420595626	0.922049435890378	1.56082061614278
CHG020244	0.0135478649636887	0	0.0457465622781702	0.117949611099117	0	0.337935647387826	0	0.00731998021808114	0	0	0.0433569271361065	0.064131571198704	0.0671443956778926	0.122210196867472	0	0.64319346476488	0	0.0261275107724052	0.213793706339754	0	0	0.00248014382717903	0.001	0.338611706501447	0.946826385143329	1.70493758253128
CHG019701	0.0341703425807519	0	0.073904769164899	0.124559610672471	0	0.334086510438683	0	0.000941824832810569	0	0	0.195316370558869	0.00896652320754098	0.121251828147071	0.0102508791600665	0	0.233004081936693	0.00806030901690867	0.0183529573771252	0.125966915568348	0	0	0	0.014	0.24733876066625	0.987448933713243	1.28883292266224
CHG019779	0	0	0.211499197022953	0.189771664484131	0	0.132010057333456	0	0.00382590166962504	0	0	0.0369359927844708	0.0260209137245887	0.0620717527007245	0.051764627081111	0	0.452840341357027	0	0.0374788482512767	0.068167048243641	0.00971338716288748	0	0	0.00600000000000001	0.283017178875872	0.966758569691715	1.28209973181589
CHG019705	0.0392210906086479	0	0.014314115066644	0.0897737899694588	0	0.365716738446877	0	0.169540994157209	0	0	0.125124524349654	0	0.0879013493449899	0.111977506887176	0	0.358189839843984	0	0.0178550511441992	0.109641701802248	0.0358796994657056	0	0.0298032234554556	0.037	0.186796645791714	1.01303019209978	1.55493962454225
CHG020335	0.0521512584182035	0.0173288258351065	0.0567885981110038	0.0905272034521629	0	0.328280312243633	0	0.0153386347135519	0	0	0.133533596073826	0.00605637758087451	0.06695602745469	0.156198417972778	0	0.314001810028457	0	0.0148290937426848	0.132729727779137	0	0	0.00211050716252362	0.014	0.244105530701688	0.986048023039113	1.38683039056863
CHG020326	0.0441297390952871	0.0571799489945645	0.0453958364244786	0.0989869224506901	0	0.398382273697802	0	0.000411931511028219	0	0	0.160252613398693	0.0100902239169659	0.10652508779396	0.138772736385969	0.00139259313414071	0.385726057568887	0	0.0194880206776237	0.145163409102464	0	0	0.0165818522092643	0.001	0.352226880112298	0.938022941767012	1.62847924636182
CHG020796	0.00192683893089803	0	0.0100507048678235	0.0823128563782796	0	0.29770020116032	0	0	0	0	0.104279874776795	0.0127624854695297	0.0784182413596161	0.0667630858915214	0	0.277256249307738	0	0.0277093559590657	0.35385258372531	0	0	0.0192598836907254	0.001	0.382112594116397	0.926384427710484	1.33229236151762
CHG020021	0	0.00466610092649749	0.0454185323371026	0.115445207268086	0	0.255773135551278	0	0	0	0	0.127691523874737	0.0287850353064278	0.0595731903229813	0.112951754280832	0	0.48150658623582	0	0.0517710568979791	0.148082968315461	0	0	0.027300017521982	0.001	0.368016673928548	0.9319218353871	1.45896510883918
CHG020011	0.0242216570706405	0	0.0176568572741097	0.10108704159398	0	0.232523791449605	0	0.00725815147608229	0	0	0.0690273193910765	0.0331446962452009	0.0572211056638773	0.0588789500716736	0	0.426368440323685	0	0.0362766537982874	0.205138947082582	0.0223903500949721	0	0.0356911549269199	0.001	0.362261739644006	0.934255150418165	1.32688511646269
CHG020760	0.103533316000454	0	0.18979456062402	0.21108950977543	0	0.301173332097353	0	0	0	0	0.168240631207652	0.00276585444138557	0.0954074270508893	0.0612301723169142	0.0343358264276495	0.272513493663132	0	0.0636506515972013	0.0509298585292176	0	0	0	0.004	0.305748136239937	0.956607995734423	1.5546646337313
CHG020754	0.00541544908274725	0	0.0340067909295646	0.0698960879388409	0	0.288926968853338	0	0	0	0	0.198500978026042	0	0.083359427026353	0.12783311896427	0	0.38498622231776	0	0.0442757617261116	0.224498988385184	0	0	0.0421895569818968	0.005	0.300503627953651	0.962552475867872	1.50388935023211
CHG021051	0.0179956995747368	0	0.0736234239372377	0.0930678481442065	0	0.236595202497461	0	0	0	0	0.0636302762776134	0.0186829589233979	0.0436209453277275	0	0.00534173655828048	0.349058133441971	0	0.00454161634113049	0.181321909034095	0	0	0	0.00800000000000001	0.270372750533277	0.97386790845262	1.08747975005786
CHG021811	0	0	0.0435064763724343	0.100413361712264	0	0.442708695218005	0	0	0	0	0.196561769654251	0.00128303757524793	0.202026222796852	0	0.000368792754231809	0.454895885937169	0	0.0585862749623379	0.110758022707093	0	0	0	0.00600000000000001	0.287727134850438	0.969005527647933	1.61110853968989
CHG021055	0	0	0.0557079084411872	0.172775582905843	0	0.522849868930757	0	0	0	0	0.254018246662112	0	0.114357853871402	0.121545746306653	0.0214050635360845	0.252553406792295	0	0.0674415760676854	0.0560422157537155	0	0	0	0.013	0.249513397758149	0.993087865842464	1.63869746926773
CHG021781	0.00576434990008755	0	0.104665976062045	0.175030285985571	0	0.325942228127634	0	0	0	0	0.119712298586586	0.0293350267396637	0.108274774593063	0.0977247130415387	0	0.262295749266952	0	0.118306373282748	0.133322394169246	0	0	0.0472787428331822	0.011	0.257599904715406	0.977993293722342	1.52765291258832
CHG021769	0.00223144825235375	0	0.00369218787461387	0.113648320168319	0	0.390001747566702	0	0	0	0	0.0121255180841012	0.0742992403260576	0.0671193115130034	0.124834182273893	0.000283490048602932	0.613093168518298	0	0.0617638872789146	0.22642433645989	0	0	0.00351718153805049	0.001	0.335431318194998	0.948940451221563	1.6930340199028
CHG020260	0	0.000806475381660725	0.107192771129019	0.173279656501747	0	0.378456423633614	0	0.00251881115920691	0	0	0.226569769163979	0.0761161570365285	0.176628711495071	0	0.012553824312517	0.25368639308891	0	0.00196028904185051	0.11715395205674	0	0	0	0.028	0.209157198935804	1.01134622158153	1.52692323400084
CHG020792	0	0	0.0801972771831202	0.16843733270169	0	0.466925091985499	0	0	0	0	0.150508699725467	0.0245611805509147	0.0789359272257564	0.0929608759072259	0.00427169775851104	0.241023252247037	0	0.0228443775950074	0.0853382077808391	0	0	0	0.00700000000000001	0.27274643581813	0.980217282646903	1.41600392066107
X4873N	0.0302886693543992	0	0.0288907891498081	0.113433626701497	0	0.252587479143038	0.00315497452822971	0	0	0	0.0871119741483496	0	0.101999418370236	0	0.00239990768798959	0.287334768416844	0	0.00482615858248633	0.379198350755283	0	0	0.0100957449313097	0.001	0.406449043086476	0.914582400041539	1.30132186176947
X4912N	0.0730990578883773	0	0.0519090201879426	0.0769509307631066	0	0.181956577546257	0	0.0435314717616141	0	0	0.00228719996102853	0.0373203452797255	0.117028955195485	0.24926002559352	0	0.396101840365901	0	0.0369579003991642	0.276790795248474	0	0	0.00473732269435701	0.003	0.319885537994454	0.955139893461668	1.54793144288495
X4933N	0	0	0.0128766125503099	0.084084704260539	0	0.348142234651241	0	0	0	0	0.0744130855665038	0.0571797237326316	0.0720179449936216	0.112426990025688	0	0.371664153014884	0	0.0488437767613054	0.216526035817278	0	0	0.0161487649270996	0.001	0.331783014776488	0.948763536282571	1.4143240263011
X5081N	0.0184810618659248	0	0.0264437647503527	0.16041946543953	0	0.273077508840597	0	0	0	0	0.20405267661568	0.0134607292028227	0.148509344044336	0.0345125343663267	0	0.237675372268061	0	0.102614906748822	0.20128984646827	0	0	0.0143593955670413	0.001	0.411125229940203	0.911047934452702	1.43489660617776
CHG019773	0.0283870746984023	0	0.0677368242273885	0.108299930734856	0	0.237505986214932	0	0.00201448782989141	0	0	0.0271184328062647	0.0271098377086695	0.0341587463380554	0.211180435335116	0	0.784051773049073	0	0.0178263919812333	0.237176750734366	0	0	0	0.001	0.421895647300117	0.908401235827917	1.78256667165825
CHG020312	0	0	0.0124534397239645	0.0737979976009308	0	0.416040455487991	0	0.0137257254067904	0	0	0.0795563949171111	0.0132964015593133	0.0501596758403358	0.156759700449611	0.0428630622987261	0.41553740625829	0	0.00873945392052049	0.170907529214142	0	0	0.00929629122646301	0.001	0.356031334571688	0.938180994885758	1.46313353390419
CHG019983	0.0510598033802038	0	0.210224936990594	0.141492697090988	0	0.278714235172197	0	0	0	0	0.020510046044435	0.0280494866904103	0.0485138822606596	0	0	0.361289864454446	0.0118071814841241	0.0270365676236202	0.226701596710009	0	0	0.0141458311261796	0.001	0.370256818331488	0.92882825789923	1.41954612902787
CHG020778	0.0254493976390564	0	0.0423357232734669	0.0891752870486836	0	0.34195536607447	0	0	0	0	0.151336049930092	0.0146851164872685	0.0814556875800872	0.035622872189756	0	0.287490729703616	0	0.0517970959365745	0.221648427772031	0	0	0.0146914934346111	0.001	0.33254494620937	0.947007775910604	1.35764324706971
CHG021120	0.00267075042647321	0	0	0.123815133830693	0	0.230258232296989	0	0	0	0	0.0928441852938268	0.0175257552488913	0.0514872807485668	0.0883671623236058	0	0.404962710809225	0.00412877739622791	0.0410130052529367	0.129558641206549	0	0	0	0.001	0.333682142060708	0.949580066360951	1.18663163483398
CHG020788	0.00860354702126822	0	0	0.127124615579304	0	0.446183454550275	0	0	0	0	0.178381161077219	0	0.1476080890891	0.00341129868095568	0	0.315183206112991	0	0.118389448795912	0.139535370478175	0	0	0.03114946160907	0.001	0.346431218808525	0.942316908191669	1.51556965299427
CHG021128	0.014756327523269	0	0	0.106973766885924	0	0.186510275437581	0	0.00450711231009248	0	0	0.0537559554729674	0.00545674380129524	0.0900073202901558	0	0	0.541350346526618	0	0.0509622255372797	0.231549731406971	0	0	0	0.001	0.350373686612948	0.941832920657559	1.28582980519215
CHG021104	0.0686358624808281	0	0.0346746244627817	0.0638991434600558	0	0.261945012910757	0	0.00532884800622876	0	0	0.0814415047510768	0	0.0579062015959552	0.000373013628123663	0.000253422450721256	0.495969937850758	0	0.0308681057669834	0.166936482321407	0	0	0.0074774391272346	0.001	0.343952939790507	0.942068422526918	1.27570959881291
CHG021804	0.108404593057055	0	0.268032914084681	0.0894703229665546	0	0.563468659201358	0	0.0777891188721089	0	0	0.00497249815681605	0.0744531957375455	0.076519625226356	0.108322843429137	0.0724208032646807	0.426273765549607	0	0	0.080734221822139	0.113155843957526	0	0	0.017	0.233358388229538	0.984770632378844	2.06401840532556
CHG021755	0	0	0.0751252577587041	0.112315794721	0	0.31222346527498	0	0.000378452621923367	0	0	0.0717094212547542	0.0475756855554945	0.058804440171355	0.0084910637545148	0	0.441476689067569	0	0.0358193140567931	0.206884230229611	0	0	0.00932605743114631	0.001	0.374507498587451	0.927986567817952	1.38012987189784
CHG021795	0.0142335248723258	0	0.119520932613385	0.134881464584413	0	0.352184264631539	0	0	0	0	0.0193716566094709	0.0132325308113776	0.0961997056316389	0.0358593964658755	0	0.386985628432466	0	0.0177484205251242	0.177396603025175	0.0228675495795049	0	0.0144518207270373	0.001	0.344368741263058	0.940870297152901	1.40493349850933
CHG020790	0.037179215048021	0.0247268880059466	0.0336824799207922	0.154924810389383	0	0.377653267213967	0	0.00699619780481161	0	0	0.11541282585837	0.0110501782195349	0.0899242724050635	0	0	0.509070095574996	0	0.106130244062487	0.131899399233158	0	0	0.00302729794213918	0.001	0.333912849726308	0.946347265471752	1.60167717167867
CHG020784	0.038817255179501	0	0.0363166095291773	0.137003736761226	0.00410659343338554	0.182617733393275	0	0	0	0	0.0982588986485902	0.0774504050590768	0.112202320491499	0.0713731409596352	0	0.29016068563551	0	0.043999799398847	0.230542924291496	0	0	0	0.001	0.345408606125858	0.941358493894235	1.32285010278122
CHG021108	0.0379810661908929	0	0.040121371623394	0.0399498555748261	0	0.444332135223936	0	0.0027347991289284	0	0	0.122892862626823	0.049862132145137	0.0560341845946749	0.0459035989325135	0.00478811204020722	0.501197161826179	0	0.0188775071936883	0.102685666185489	0	0	0.0231741451858855	0.016	0.234436366004594	0.993463595155636	1.49053459847258
CHG020782	0.0498894925162363	0	0.0678487618596949	0.0802398232496463	0	0.400660093386465	0	0.0136560170139881	0	0	0.0647560476804079	0.0340768391679463	0.098451806105769	0.0694697037812809	0	0.31017208867719	0	0.0653050668368299	0.133601978914106	0	0	0.0451570596606502	0.01	0.25876718373208	0.977171965461828	1.43328477885021
X4894N	0	0	0.0812519449514374	0.136919713288685	0	0.277782693902209	0	0	0	0	0.153257411130893	0.0403657836768727	0.170423780074064	0	0.00700798497345717	0.31757402902535	0	0.0210866374048895	0.254567935983909	0	0	0.0524892593089124	0.001	0.408623688330245	0.912091668032505	1.51272717372068
X4941N	0	0	0.0544854165627636	0.137432300086261	0	0.284073382983904	0	0.00616310505135793	0	0	0.0665451897363676	0.0570915452851312	0.0514735367542116	0.158016927158139	0	0.464072700422077	0	0.0734758453989764	0.13612114213307	0	0	0.000453594162252338	0.001	0.375650482959316	0.928522052011784	1.48940468573451
X4948N	0.031288837843924	0	0.0600333659594963	0.107741001410646	0	0.34357160416475	0	0	0	0	0.0257285706710078	0.0391511151344508	0.0445391904294009	0.110455068016545	0	0.667888662123934	0	0.0604035285350805	0.190419067086302	0	0	0.0486654998759432	0.012	0.255396978174309	0.984342326824551	1.72988551125148
X5091N	0.0225448683639539	0	0.0140070874867577	0.0755140180673727	0	0.307493666403643	0	0.0084309093565168	0	0	0.109392106466776	0.034420577004658	0.0652327722821588	0.0129182039501365	0	0.285797339258248	0	0.0498130790888289	0.282688806561653	0	0	0.000360857063422347	0.001	0.333642445796774	0.948180737235973	1.26861429135413
CHG020256	0	0.00933709510152213	0.00147694427475955	0.192778454156114	0	0.251031776863687	0	0.146978905119768	0	0	0.062577082002834	0.0819216353810224	0.0681035414928881	0.194063942317109	0.00530384899186977	0.471225245932779	0	0	0.10363128246441	0	0	0.0231743135870944	0.00900000000000001	0.26492604053985	0.983969981600158	1.61160406768586
CHG018348	0	0	0.057122202801032	0.208187915348675	0	0.361953800360692	0	0.00727901732849351	0	0	0.10474490499677	0.0619424234007433	0.0608997756446313	0.122265698824556	0.0137777898587303	0.244512353309651	0	0.0289165139430353	0.156794743084041	0	0.00157413681127099	0	0.016	0.235577171306025	0.994861731249685	1.42997127571232
X3246N	0	0.00172309021337502	0.01261940818175	0.181787635155761	0	0.340395545054786	0	0	0	0	0.263318515488756	0	0.150987089167104	0.116083556241583	0	0.200374798174044	0	0.0827395123856431	0.19827257747848	0	0	0	0.001	0.384234834898354	0.925345228372214	1.54830172754128
CHG019733	0.133896520877275	0	0.122481705089602	0.218782866519922	0	0.395521032775657	0	0.0392624828974835	0	0	0.0809452849855565	0.102951976828452	0.125229682676828	0	0.00926691457020851	0.209095068237946	0	0.00881777555433396	0.219084953335052	0	0	0.00643089194720317	0.122	0.126086327490253	1.03788888259663	1.67176715629552
CHG019737	0.00639927319155213	0	0.00377242651920523	0.225305212310835	0	0.297014119435064	0	0	0	0	0.18591341633525	0.0226525229136303	0.100940861511669	0.0561670031102139	0	0.371894545889449	0	0.0438655855384883	0.225773568337238	0	0	0.0342454048995087	0.001	0.376212304099323	0.928676544402507	1.5739439399921
CHG020027	0.0291427992516235	0	0.043786874922644	0.117524692665231	0	0.320112707725187	0	0	0	0	0.110045217592593	0.0589082993451893	0.101626523455175	0.128308792450677	0.00750080973592726	0.352170964412639	0.00348290004802246	0.113328436535975	0.0875346433890052	0	0	0.0136684760471967	0.005	0.29909287252057	0.962463551192069	1.48714213757709
CHG020268	0.0894569058940552	0	0.287376585104456	0.118628384018033	0	0.215825322503159	0	0.14773773931617	0	0	0.118625865224645	0.0873619870423521	0.165705297434173	0.0100054307147128	0	0.301314193962482	0	0	0.125877329471131	0.0332189560746395	0	0	0.033	0.199192333635217	0.996880773047549	1.70113399676001
CHG021083	0	0	0.109142621123165	0.10075534524747	0	0.398875980838104	0	0.00680524925451964	0	0	0.138916996873111	0.040335600891114	0.150026311392136	0.0393365886294549	0	0.368805225212982	0	0.056928527679749	0.152512522386706	0	0	0.025018360419622	0.001	0.395032397283841	0.918205657835967	1.58745932994813
CHG020276	0.0639984255204203	0	0.122375868420639	0.320939750542891	0	0.53574454274916	0	0.0500130352640917	0.0600245067414549	0	0	0.118508126694578	0.0868325951910655	0.00783322825570315	0.238858568194833	0.65040503010566	0	0	0.105790634502141	0	0	0	0	0.482394041493142	0.875932626893162	2.36132431218264
CHG021079	0.00867081666693602	0	0.00761134938834923	0.171547217072216	0	0.326385116350179	0	0	0	0	0.140187085046094	0.0271222333815494	0.0667133686581052	0	0.00217048875780582	0.281085575630129	0	0.0845761909746387	0.302673496119385	0	0	0	0.001	0.421332450453755	0.906703188176427	1.41874293804539
CHG021067	0.014289790058021	0	0.0647543085015804	0.168109640746356	0	0.332978992635166	0	0.0236388658513594	0	0	0.133505529589534	0.103262357424288	0.125188166327772	0.0536408460058623	0.00882388162033515	0.325779052129932	0	0.0588221634609765	0.0793155856556826	0	0	0.0188455281897665	0.005	0.299805214371519	0.964565588848204	1.51095470819663
CHG017877	0.0108046762291478	0	0.0623211369752509	0.191965014933058	0	0.322026569090278	0	0	0	0	0.16645738084244	0.0661851671774402	0.128476022991404	0.00887689459951088	0.000534133098832801	0.277519592372436	0	0.0517191478523829	0.149911610282386	0	0	0.00507204653363718	0.001	0.394688732138894	0.919725562078278	1.4418693929782
CHG019116	0	0	0.0116438022721758	0.142975664789697	0	0.29405096620224	0	0	0	0	0.184292082394058	0.038629007202157	0.100321633682376	0.0440809269566023	0	0.181605302885041	0	0.0909988481250551	0.115841412530815	0	0	0.000768842280064914	0.001	0.378167261231024	0.929410896623359	1.20520848932028
CHG020319	0.0208719010905159	0	0.11241794722118	0.134957279142619	0	0.167088128405328	0	0.0279881069275924	0.00457593761274774	0	0.00125279497807237	0.0583059203668817	0.114401154679884	0	0.00329138217118344	0.26098317169942	0	0.0102498404124105	0.62680769003984	0	0	0	0	0.546486231047028	0.838209254860792	1.54319125474768
CHG020034	0.0309356419306705	0	0.319592428597895	0.0653495049302279	0	0.225733453415781	0	0.0135081732611149	0.00349848258592515	0	0.0195170318797884	0.0229332720877526	0.0568673604442645	0.00648762929850898	0.00550999066145807	0.319733121197328	0	0.000578401625706138	0.27178499472202	0	0	0	0	0.448403041543162	0.897076486391253	1.36202948663844
X2267N	0.107411786929488	0	0.0640389465099778	0.0851193715589065	0	0.356914585748397	0	0.02698338550003	0	0	0.100738546689771	0.078153527000039	0.0904866858490105	0.0348179705827981	0.0429621926213941	0.584453237333787	0	0	0.0413517796544371	0.0127577623624149	0	0.0184812536918951	0.035	0.192186710625504	1.01017273431925	1.64467103203235
CHG020045	0.0501374989109707	0	0.108315114289963	0.0923230768975553	0	0.351568355862905	0	0.0360866282263848	0	0	0.0193132797171867	0.0502115692864536	0.112171642888322	0.13209432811462	0.00133885874123212	0.39013928929323	0	0.0480808509196676	0.212165641232465	0.0309011606592694	0	0.00906683159168302	0.001	0.338082548064335	0.943113165134753	1.64391412663191
CHG019719	0	0	0.0940501321629591	0.0705893338998901	0	0.341843740800612	0	0	0	0	0.11036352980615	0	0.0388144129968832	0	0.0106716944995063	0.328344932125059	0.00365629416900309	0	0.221250176105956	0	0	0	0.001	0.334590053820935	0.946158176395735	1.21958424656602
CHG020821	0.0577325656172593	0	0.0389427191684024	0.130630674108385	0	0.243074605459313	0	0.0153236990578384	0	0	0.0815888063518767	0.0379611121504266	0.0555769619732756	0.133563888426057	0	0.609666563284031	0	0.0155352653033436	0.298812548686352	0	0	0	0.001	0.380521211744704	0.92649106193851	1.71840940958656
CHG020813	0.0515598245663253	0	0.183024951807712	0.299276196046236	0	0.359230556425355	0	0.0546977881950181	0.000428890247460994	0	0.0271639068932462	0.0352144903462479	0.0470776418878641	0.19046259987588	0.0144217803635746	1.0314534472567	0	0	0.106815473357382	0	0	0.00228175477164649	0.001	0.413820007765997	0.911060676684582	2.40310930204065
CHG020827	0	0	0.0748959707459071	0.161491150040344	0.00938640894724886	0.253239145092746	0	0	0	0	0.193155406934102	0.0484787403130083	0.176745268585051	0.0532428011824377	0	0.229833381190735	0	0.054938499561812	0.199423322009618	0	0	0.0333139896912024	0.001	0.364761233299595	0.932863894215789	1.48814408429421
CHG018361	0.00675264922308261	0	0.0619918285720839	0.094109641470369	0	0.320470837587783	0	0	0	0	0.0760972861721145	0.0108680069225069	0.0689337679769264	0.0190592108940921	0.00836315249550837	0.392144031486796	0	0.0187959088100524	0.193609071611931	0	0	0	0.001	0.337159622584504	0.944886908362397	1.27119539322325
CHG019552	0.00206516678400914	0	0.0169985331208735	0.261647268271059	0	0.364964759179428	0	0	0	0	0.149017860794742	0.026091008971436	0.0895375160740146	0	0	0.304409174468683	0	0.0338599703520614	0.0891655248634737	0	0	0	0.001	0.381682863527387	0.929658846577873	1.33775678287978
CHG018363	0	0.00068103502860237	0.0332381855469534	0.0962301965989487	0	0.364566782476732	0	0	0	0	0.0519432315027555	0.0711943490719756	0.0918128907844943	0.178055483246231	0	0.396337020727663	0	0.0683096219056157	0.151675093217713	0	0	0.0148664928374401	0.001	0.402423964052539	0.915582659645562	1.51891038294512
CHG019537	0.0218921276823784	0.0199852393775279	0.0626810752913351	0.170101059226315	0	0.293559483300912	0	0.014101673374299	0	0	0.127313846275772	0.0192999513073164	0.0622351667717254	0.0877017434057473	0.00436092037322655	0.382809937995158	0	0.0366640409433172	0.308376565256772	0	0	0.00511440045131906	0.001	0.3500222769814	0.939067033873584	1.61619723103312
CHG019777	0	0	0.140459844399508	0.11655728102728	0	0.310670804723961	0	0.00135646057506054	0	0	0.0982291020666547	0.0258292756936424	0.11953655801052	0.102301427631618	0.00524397803356938	0.353577446280081	0	0.00538160666719285	0.182072981162336	0	0	0	0.001	0.373589996598776	0.927874558877369	1.46121676627142
CHG019673	0.0618050579381281	0	0.248264700358116	0.351463250044195	0	0.371430618274894	0	0.121875870915272	0.0932864546472553	0	0	0.236962003722883	0.168558732296663	0.0897777133479171	0.0375069785672913	0.335212367551518	0	0	0.061915816505747	0	0	0.00323289264158913	0.033	0.199392837443524	1.00814300760387	2.18129245681147
CHG020819	0	0.0196790326155904	0.0179203340393963	0.152691674079525	0	0.597263414916736	0	0	0.0142336156011778	0	0.0339776342039231	0.116447508995973	0.0903655344242565	0.0937068972047697	0.0799675510162876	0.623950386324288	0.0364273593590497	0	0.160364850676425	0	0	0	0.001	0.410481057961697	0.911794656686779	2.0369957934574
CHG020809	0.0330484382517863	0	0.0766828922666773	0.176442198732388	0	0.751772411029813	0	0	0	0	0.182405280831391	0.00588235255009741	0.0576633625663593	0.00770982804053979	0.078607930571147	0.238554432982941	0.0659905673543965	0	0.175408430392526	0	0	0	0	0.505188473304677	0.863050953613316	1.85016812557006
CHG019525	0.0563459623142259	0	0.0151401239885461	0.225358460314915	0	0.206335652312667	0	0.024647710812991	0	0	0.0494786255014878	0.0345018124341569	0.0772652730235351	0.132981872903225	0.0457585886076538	0.5129580699338	0.00347654584014083	0	0.323564195015592	0	0	0.00475364252124775	0.001	0.373223147429126	0.929292735880932	1.71256653552418
CHG020794	0	0	0.10938639482904	0.0953888388414764	0	0.264000977166156	0	0	0	0	0.0716699012992201	0.0301343229885386	0.0881427709483884	0.0126375543915509	0	0.261541917378985	0	0.0539577852760869	0.23248418749248	0	0	0	0.003	0.315257744979803	0.95286296793033	1.21934465061192
X3238N	0	0	0.130847940866998	0.134582594648453	0	0.316758390350988	0	0	0	0	0.158916171480443	0.0363051965361482	0.0887809555121976	0.0236066765671418	0.0104133352803693	0.329573013273195	0	0.0296175460802277	0.280334351586203	0	0	0	0.001	0.406092495146108	0.913341949612627	1.53973617218237
X3244N	0.0576307229151962	0	0.0100990058796331	0.0532344318507297	0	0.37866521710042	0	0	0	0	0.128923158962983	0	0.0759688092747398	0.0270183354394596	0	0.307135159363216	0	0.0761369560021789	0.25542171511024	0	0	0.00217483584205882	0.001	0.379910866681993	0.925417451019667	1.37240834774086
CHG020047	0.0143407784667624	0	0.0446554006209362	0.123115008859829	0	0.266889341125368	0	0	0	0	0.00851839973185056	0.059286512322793	0.0121560826315984	0.121442115205489	0	0.614713444964171	0	0.0990023497304909	0.392188710267382	0	0	0.00787770629863218	0.001	0.419587773038421	0.907839720236802	1.7641858502253
CHG020051	0.0467640080949564	0	0.0696919653258316	0.0927703855072334	0	0.443633812525265	0	0.00484707891402318	0	0	0.0645771647030954	0.0126091264995913	0.104654630961874	0.0648356994618867	0	0.208607856896678	0	0.0478155808213443	0.395263060913433	0	0	0.0121722747319355	0.001	0.34076005128218	0.944409444215838	1.56824264535715
CHG020057	0.0142778532137966	0	0.0658002540474589	0.140870813132962	0	0.366860544847232	0	0.00704818411891407	0	0	0.0516780121448331	0.0956597636921908	0.0883168164928914	0.0126397320939509	0	0.275775895734837	0	0.0456875219456763	0.280558804230175	0	0	0.0389838831811595	0.00900000000000001	0.263604055094743	0.978391774112808	1.48415807887608
CHG019731	0.0470590041776168	0	0.126640143802837	0.116684061800817	0	0.466349486534685	0	0	0	0	0.0612151396483564	0.0306571437800884	0.0904608652880356	0.0428137604211509	0.00595831812196637	0.375076989648185	0	0.0319069001067689	0.205937814751228	0	0	0	0.001	0.369894196163103	0.929439085584219	1.60075962808173
CHG020060	0.0296110516077786	0	0.150591106905585	0.0588206756319444	0	0.330677910611945	0	0.00787112511713557	0	0	0.0874626367896158	0.00313178975472143	0.0690287620287136	0	0	0.243329873982314	0	0.0279834308346186	0.254094247786991	0	0	0	0.001	0.341734892544781	0.941420746445076	1.26260261105136
CHG020314	0.0401878292656652	0	0.116562835777177	0.136527821307215	0	0.618484239763989	0	0.0350026831613046	0	0	0.105252478663034	0.0224479690681884	0.0710077247492732	0.0126829967136165	0.0760395565373421	0.371637479406736	0	0	0.22039125183474	0	0	0	0.001	0.391489174906636	0.92023656820867	1.82622486624828
CHG020049	0.0205860102443941	0	0.1099515787662	0.126781830308473	0	0.337049913224395	0	0.0381000401702673	0	0	0.0269534046472038	0.0643422236421243	0.0810784171302213	0	0	0.515177265172686	0.00209220024926385	0.0446580024766695	0.0473075851300132	0.284841840915533	0	0.0145392629120051	0.112	0.130552988008271	1.03455545004877	1.71345957498945
CHG019106	0.0638409477853595	0	0.0159659619834795	0.0895389242137964	0	0.413312331085746	0	0.0207040428865565	0	0	0.200913815577307	0	0.128526574637423	0.0305432267721386	0.0260524690185239	0.449485310360528	0	0.0425541678191356	0.143698387648116	0	0	0.0316535266951381	0.049	0.172647729762433	1.01677708120431	1.65678968648325
CHG019108	0.0364442605667579	0	0.0194521020488971	0.107207687388566	0	0.462657701525309	0	0.00237896026231482	0	0	0.120993407462996	0.0590598704209406	0.0943528773514949	0.0350840414640114	0	0.28200034134869	0	0.0454269060303665	0.276965068601116	0	0	0	0.05	0.169949857388331	1.02245308902832	1.54202322447146
CHG019669	0	0	0.157815354595485	0.214433107332751	0	0.44163814102054	0	0	0	0	0.135300670913376	0.0018055136132237	0.0887452498606442	0.119206824707717	0	0.334933638941965	0	0.0681451579170308	0.127236724723062	0	0	0	0.00900000000000001	0.261550008040548	0.977897826242667	1.68926038362579
CHG019791	0	0	0.15132201807054	0.120377237215858	0	0.320915864904739	0	0.0239712155191943	0	0	0.0226992063664079	0.0637849220771464	0.107788855771927	0	0.00436607967787187	0.484006205277931	0	0.0273455187566173	0.161349146152257	0	0	0	0.003	0.320222543909455	0.950918099382345	1.48792626979049
CHG019112	0.0124081766625997	0	0.086425782936053	0.16653393395472	0	0.256774469480645	0	0	0	0	0.061285815736329	0.0448562860433616	0.0535453683625805	0.193659267993006	0.00206432379852282	0.41689221701788	0	0.0429228567794407	0.180043692907548	0	0	0.0126802433573311	0.001	0.342291916239883	0.943296582818168	1.53009243503002
CHG018353	0.194623045497491	0	0.0255674988370724	0.199163943371777	0	0.726431097434994	0	0	0	0	0.0497462396502895	0.0902323341714529	0.120286400776823	0.0271176709930803	0.232953826771587	0.353641614488784	0	0.00159090005251487	0.141682306672295	0	0	0	0.001	0.394690130455992	0.919967953874611	2.16303687871816
CHG019547	0	0	0.165833045137042	0.11937005752854	0	0.29925048012705	0	0	0	0	0.034610784346285	0.0585028611338667	0.0659557025253011	0.0199336619166222	0	0.410118692621069	0	0.010782633338504	0.166015899176599	0	0	0.00166615111055409	0.003	0.311639513942028	0.954502249680945	1.35203996896143
CHG020274	0.0297314379476757	0	0.265738273852296	0.135289188889318	0	0.361716623911438	0	0.0680716830518741	0	0	0.019077838591	0.0660934034325416	0.106241272641785	0.0436915874416434	0.0100418757574627	0.314348362023484	0	0.023849350299826	0.168089437068693	0.0209712062280894	0	0.00994974805246722	0.012	0.256226163353259	0.974409370896357	1.64290128918959
CHG020272	0	0	0.125537832587647	0.0859319838361626	0	0.326983027592512	0	0	0	0	0.103157939046451	0.0166412160535948	0.0629108913732972	0	0	0.413620884349401	0	0.0167932150377882	0.107315405446788	0	0	0.0133702889678485	0.003	0.314588500707711	0.954248730052519	1.27226268429149
X2066N	0.0932440750591118	0	0.0237299337710969	0.168709102699308	0	0.212920544078616	0	0.0126479398870218	0	0	0.0910307848099802	0.0641243118936622	0.189269921230063	0.0499550146337703	0.0289246757500461	0.239233618390612	0.000172952538917367	0	0.292816329418051	0	0	0	0.001	0.360111865419812	0.934505028931351	1.46677920416026
CHG019677	0	0	0.0787084082134257	0.293253357199053	0	0.292555380801957	0	0	0	0	0.323186136660335	0.0122318056075569	0.218066801794651	0.0588393130161542	0	0.168562988965971	0	0.0275240402979056	0.0809507403548638	0.00816684981434735	0	0	0.017	0.230497513814041	1.00866637114241	1.56204582272622
CHG020318	0.0386883984033474	0	0.0156207345120446	0.166800285972972	0	0.53896029039933	0	0.00755857411377738	0	0	0.142120621041	0.0275870275747057	0.1695152175612	0.18067524577537	0.00781696676967018	0.293374243173805	0	0.116990510546857	0.0417917195991289	0.0958176924489764	0	0.024371051821118	0.191	0.0968388103594086	1.05326991781553	1.8676885797133
CHG020292	0.0278661718148602	0	0.0094024778061268	0.203529560851647	0	0.286056891084441	0	0	0	0	0.327753829585335	0.0044433800011146	0.12146531697016	0.0175642891418557	0.000565797701075248	0.225304790964076	0	0.0513320466122659	0.120827871905845	0	0	0.000372594007363014	0.003	0.31876489111375	0.964554353898831	1.39648501844617
CHG020800	0.01806826312599	0	0.141592111612296	0.0568559832877004	0	0.297924859225182	0	0.01802116695482	0	0	0.00729853400594171	0.0544408345511189	0.0424769747867095	0.128204856031209	0.0415003495138733	0.526566376151393	0.00265137082326226	0	0.250501754592959	0	0	0	0.001	0.360994508852669	0.934213446169057	1.58610343466246
CHG020835	0.0567305755325069	0	0.082319239190012	0.124486944380253	0	0.300021133611608	0	0.0343615153217031	0	0	0.0290539060560172	0.0191359092169619	0.0311296059606803	0.0114932092500378	0.00757021880387336	0.432189046696059	0.0173107352550646	0.00742366420919177	0.0802169908814422	0	0	0	0.00600000000000001	0.282983829678598	0.969109261409221	1.23344269436541
CHG021093	0	0	0.027249370619568	0.0708703731664739	0.0240491070110694	0.229861032701083	0	0	0	0	0.065563027902081	0.0470564491785499	0.0366900146253073	0.221055550839045	0	0.515523176476338	0	0.106769860973656	0.160837718198158	0	0	0	0.001	0.376350948344872	0.930169004788748	1.50552568169133
CHG021071	0.0085552311923589	0	0.0458035631358351	0.0791560203398925	0	0.341204264479	0	0	0	0	0.0706453801622642	0.0326807262760462	0.105436095604962	0	0.00762870641214499	0.459150034907981	0.0121002447789594	0.0278749467657604	0.0858224031321427	0	0	0.00899350115399539	0.001	0.372928419200947	0.929385186840456	1.28505111834134
CHG021073	0.00597823723105395	0	0.000761486123151912	0.138890256876164	0	0.623432303524213	0	0	0	0	0.233517425117475	0.00185432266689556	0.139098389834642	0	0.0186485767352524	0.224651747965026	0	0.053608348026464	0.131482616369733	0	0	0	0.001	0.417286554735733	0.911042018544873	1.57192371047007
CHG021061	0	0.024619395001813	0.0397138494712244	0.143533898085732	0	0.512428355779758	0	0	0	0	0.128901839244132	0.0538585016306016	0.118785957131201	0.104955982428778	0.023757639412573	0.616823764987951	0	0.0736605947853223	0.135688587466249	0	0	0.0240421533815857	0.001	0.343821544013477	0.942989746932753	2.00077051880692
CHG021081	0.0284019033797821	0	0.0943172157329894	0.152272052360846	0	0.597841826195367	0	0.0214204723404917	0	0	0.0288387482225308	0.0146392560311232	0.117596822014979	0	0.100726642857605	0.416165023958685	0	0.0201905953344609	0.0799083287578563	0.0162035358926907	0	0.0174851732014096	0.001	0.372621761037744	0.929350333951102	1.70600759628082
CHG021089	0	0.0186860363454765	0.17590545050957	0.1433984209447	0	0.36293561097973	0	0	0	0	0.0704310226995704	0.0119808035028572	0.0684311174878964	0.0498447715657415	0.0585213694541029	0.552730679992727	0	0	0.221421212035005	0	0	0.0023213158552628	0.001	0.391468676403545	0.919832515296552	1.73660781137264
CHG021091	0	0	0.0409121923084299	0.130403135682085	0	0.362583735474606	0	0	0	0	0.181858551185735	0.00585001863517455	0.0602077455194412	0.0665187419629132	0	0.34058583800815	0	0.0514946685050089	0.325922141168025	0	0	0	0.001	0.403985333432352	0.914925710885301	1.56633676844957
CHG021087	0.0054473410511218	0	0.0767485197914883	0.186230777141398	0	0.477174811230499	0	0	0	0	0.0827031700407478	0.0762491575660823	0.0889479121084462	0	0.0174926873985453	0.32499083835567	0.00178731152025547	0	0.140291448292456	0	0	0.0277339753242736	0.001	0.339251846118378	0.946880195020365	1.50579794982098
X3284N	0.0535578584042051	0	0.0409787553853398	0.204256360362281	0	0.316995402972965	0	0.0169742601312209	0	0	0.0997479028127982	0.0806301759891917	0.121573652368039	0.018693230169951	0	0.285181594285386	0	0.116085100240155	0.175014772302053	0	0	0.0298382771033356	0.005	0.29603727783452	0.963259498270538	1.55952734252692
CHG019711	0.00741484207708586	0	0.0334767796811412	0.0844485351512	0	0.358575230050848	0	0	0	0	0.0723774771466307	0.0486065508379072	0.107319999876167	0	0.00578480560109117	0.394076141939227	0	0.0534634555646912	0.237960900709723	0	0	0.0161775444569821	0.002	0.322644883729439	0.951444478671773	1.41968226309269
CHG019671	0.0084859388966564	0	0.101384246226828	0.0821154482768817	0	0.234077787372637	0	0	0	0	0.0292490689816013	0.0511013004004778	0.0851193052199429	0.0187948711288257	0	0.329179291465021	0	0.0665940857726906	0.316260223992518	0	0	0.0366675241155733	0.001	0.389806594105559	0.920691122969871	1.35902909184965
CHG019712	0.0264755911657912	0	0.23609421983921	0.125432032846738	0	0.32060744457546	0	0.0696489347471045	0	0	0.0103941274870687	0.122363550779016	0.134735849794445	0.0277258271807787	0	0.276715671645849	0	0.0839444746935502	0	0.253792611133875	0	0.0620104457929138	0.014	0.243329323951697	0.98046232431697	1.7499407816818
CHG020055	0	0	0.194570424520735	0.0928345983359996	0	0.371883172334069	0	0.00488257887960445	0	0	0.0426013470688923	0.0565492121950518	0.0520795172298157	0	0	0.319651568821925	0	0.0880188809532566	0.296718984824383	0.0484502902937218	0	0.0696999884098425	0.122	0.125881434504091	1.02886207095755	1.6379405638673
CHG020061	0.00159815047395982	0	0.0125160524604157	0.189115104282295	0	0.203305600448038	0	0	0	0	0.0660124806792307	0.0518282756883	0.0810527934484241	0.0794922861329402	0	0.486725477022758	0	0.0688582887510259	0.283694051212682	0	0	0.00898139502022519	0.001	0.388143205351413	0.922523471859438	1.53317995562029
CHG020053	0.00430896336475691	0	0.0374818424255432	0.0736141362974443	0	0.281530990358405	0	0.037116535868148	0	0	0.0398697966267695	0.0304225986547754	0.0680356708362875	0.132651870301713	0.00449489070195939	0.435828046702431	0	0.0298308053897067	0.249638573965008	0	0	0.0259178898306833	0.001	0.353023720255687	0.938859918423329	1.45074261132363
CHG020825	0	0	0.0593358543609223	0.153326505138347	0	0.224610957581106	0	0	0	0	0.122708977950302	0.0481292164758963	0.0972750993318619	0.129833015260945	0.000315958880800043	0.260489971149675	0	0.0101211394912722	0.382661722909441	0	0	0	0.001	0.368474194087617	0.93286385464974	1.48880841853057
CHG020816	0.0531457871783402	0	0.0185609553779529	0.0813950575465048	0	0.544718652941884	0	0.0206041158463854	0	0	0.131793968483448	0.0672938434827907	0.0953750790162829	0.131414818359564	0.0345444604595355	0.321147853197559	0.015524614509317	0.0580774090895087	0.0399552020740884	0.0761786525937113	0	0.0349057115548773	0.001	0.334630539124114	0.94765207699978	1.72463618171175
CHG020837	0.0155366516397822	0	0.0915633405159235	0.124493069121822	0	0.342432484869608	0	0	0	0	0.126430708766592	0	0.0890176566014266	0.118334857018631	0.00792134882761982	0.375791944155617	0.0238515538469176	0.00218070763827417	0.166293370206058	0	0	0	0.001	0.331394979970486	0.947172035505451	1.48384769320827
CHG019545	0.0618295962360642	0	0.0392781208525245	0.0667599888710981	0	0.43929968224782	0	0.0100689850413682	0	0	0.134522468892533	0.0128912887475614	0.11594323697687	0	0.0250148026924132	0.627830017874912	0	0.108733529510628	0.173544638829625	0	0	0.0299157817566054	0.00600000000000001	0.281257254994577	0.96880274283177	1.84563213853002
CHG019529	0	0	0.0157795955692879	0.101174085062208	0	0.322573490227836	0	0	0	0	0.0788160978070457	0.030247611878593	0.0645290943436332	0.262871278410359	0	0.541983075027353	0	0.0215851544777339	0.252356691145275	0	0	0.00159431518037022	0.001	0.362644207039205	0.937499539880632	1.6935104891297
X1889N	0.0126981347669078	0	0.0141471977982442	0.0711844102565034	0	0.30028987315833	0	0.0196161746542867	0	0	0.0718310538489381	0.0435911212546631	0.067903110518818	0.06989957547112	0.00361685289051162	0.401140137748551	0.0011947589594664	0.0734273278243304	0.274176771659327	0	0	0	0.001	0.356314087021685	0.936790540554629	1.42471650081
CHG020823	0.0205615500325727	0	0.065951969005323	0.170671113517074	0	0.337369809279256	0	0	0	0	0.0807846588117075	0.0456973311756651	0.0820612203611835	0.055739981845433	0.00567826837259287	0.318418854322588	0.046583058736221	0.00596780360848044	0.276425080126714	0	0	0.0199705374470336	0.001	0.419174855636274	0.907300814813243	1.53188123664184
CHG020843	0.0101777585847306	0	0.0982898465206927	0.0492262443747968	0	0.314486546540705	0	0	0	0	0.0677601468134695	0.0491716757802828	0.119312350521867	0.151087126867032	0	0.338826973281027	0	0.0697476413627678	0.136228595911533	0	0	0.046041084020618	0.001	0.345113002438325	0.940462488287362	1.45035599057952
CHG020805	0.0263084774365114	0.0401101475063279	0.125442428867478	0.0834089447819439	0	0.283416440202777	0	0.0476052809235641	0	0	0.041782213794427	0.0236321077198611	0.0627522774278921	0.108426368611028	0.00741907949972642	0.717419035311113	0	0.0262705928543942	0.202750278232294	0	0	0	0.001	0.36033943628838	0.935213198640696	1.79674367316934
CHG020841	0	0	0.0813232593132148	0.0921720978142221	0	0.317951805082852	0	0	0	0	0.0584520662879164	0.00163794821064916	0.0154183845409914	0.0450571151955953	0	0.767588064641326	0.0162354683790633	0.0243654817497964	0.14334977426758	0	0	0	0.001	0.415985116491041	0.910485242517517	1.56355146548321
CHG020831	0.074936597275766	0	0.116182538546343	0.0718515435962395	0	0.475664660172516	0	0	0	0	0.0694942685103627	0.0614317342414759	0.146096591343194	0.0923889887427447	0.0153489184015947	0.296175235573695	0	0.230509310065703	0	0.307035229653242	0	0.0313129883668247	0.388	0.0556595426378202	1.05895232098038	1.9884286044897
X3255N	0.051954320132895	0	0.140378392969275	0.0961922762380939	0	0.185880937715659	0	0.0156263659239308	0.00838808516161018	0	0.0805956737204774	0.0262683245274498	0.16800497485414	0	0	0.340120504318981	0	0.0152804450144504	0.149747424895082	0	0	0	0.001	0.346646075117983	0.938605694703905	1.27843772547204
CHG019692	0	0	0.139256234271901	0.170252315916689	0	0.198440474622365	0	0.0285345315411931	0.00136266300226369	0	0	0.0625055700257828	0.081034155110013	0	0	0.308400579574262	0.079308158907631	0.0224982017556888	0.0048411625490619	0.0422943083300459	0	0.000711044314144673	0.028	0.208288422652158	0.997636241577304	1.13943939992104
CHG020281	0.104774521779735	0	0.292597478282823	0.0697710058402384	0	0.539392647482825	0	0.0458942352309334	0	0	0.0209911161243597	0.0222120606673282	0.0565824247198135	0.0237036832438173	0	0.0945187170693043	0.00169113672593111	0.124906193147675	0.0396812771976701	0.114310994276851	0	0.00322873974751193	0.319	0.0689206755806304	1.05183360314632	1.55425623153682
CHG020332	0.0300736917706418	0	0.10374347251109	0.0527526450957873	0	0.475030835610661	0	0	0	0	0.0288659349993561	0.055430002366945	0.107206367283547	0.0151644119662962	0.0141130446595746	0.353200431482282	0	0.0211742431313551	0.149409069577833	0	0	0	0.001	0.351694039903343	0.937700794141318	1.40616415045537
CHG020287	0.0121213405382233	0	0.0601040459537878	0.0869324790987561	0	0.387197884972687	0	0.000892077529857207	0	0	0.0325970179100083	0.00837885510914876	0.218686603717842	0.127548555605806	0	0.435112905661227	0.0294196129110848	0.0150350855254915	0.159207141542769	0.0588123527835965	0	0	0.003	0.310834575060709	0.957795637578819	1.63204595886029
CHG020300	0.00446820011818446	0.116706243019788	0.167954124514628	0.162562519697192	0	0.327229208131694	0	0.116006898390592	0	0	0	0.0519251720647851	0.0331288628161725	0	0.0447590987929709	0.280868324716508	0	0.0337725859314656	0.0438983622493096	0.029342750047472	0	0	0.027	0.213963017938365	0.995278834334668	1.41262235049076
CHG020251	0.0347199309382414	0	0.0972532488197814	0.0678345902003908	0	0.329019705618147	0	0	0	0	0.0308422206289848	0.0365337570807505	0.0723537351847522	0	0.0139646851455656	0.299412612755022	0	0.00475921316512003	0.38158161799595	0	0	0	0	0.455011136815807	0.89037610439875	1.36827531753271
CHG020026	0.0227801936534402	0.143700331731311	0.190609617270734	0.093007598382239	0	0.333168895188858	0	0.0101219818465818	0.0196947465661316	0	0	0.0921616247161654	0.217309058641217	0	0	0.338251704407112	0.0307031076156384	0.0410606984747434	0.156965639527044	0.0753710623863523	0	0.00189064118111743	0.018	0.224167444909964	0.985854718417029	1.76679690158868
CHG020781	0.0364001224257985	0	0.0741053655305578	0.0472153554124569	0	0.229510952620589	0	0.0162996453782445	0	0	0.0363382337507354	0.0148998443593999	0.0130816724470985	0.0403797284773728	0.000815365254674323	0.449078452771267	0	0.0395634675534828	0.301970097515606	0	0	0	0.001	0.36224783872094	0.934634634765571	1.29965830349728
CHG021788	0.0427816757621812	0	0.121931637046137	0.10260634225543	0	0.287015138250903	0	0.0270600770850904	0	0	0.0856159811138276	0	0.0380358090556804	0.00270408529641049	0.00941515400498506	0.198529538965922	0	0.00454725525329169	0.230253514576436	0	0	0	0.013	0.24969019887647	0.982007502921335	1.15049620866629
CHG019690	0.129441895841354	0	0.0463549617262992	0.115348251045031	0	0.636501703858218	0	0.0529233312896943	0	0	0.0216732911010177	0.0583986075439492	0.0900001577008297	0.0159719930778079	0.0189321797992299	0.200654223668058	0.00326334324839067	0.0184042734551229	0.196635101509476	0	0	0	0.018	0.223104500302287	1.00163200303244	1.60450331486448
CHG020775	0	0.0152649382608125	0.0805385207940696	0.0315349707367753	0	0.319207421702681	0	0.00772276835485393	0	0	0.0318251171305201	0.00397003198168264	0.0236885980375656	0	0.0394016062149552	0.277788748506794	0.0841371304597669	0	0.0607563513127234	0	0	0	0.00900000000000001	0.25978624781193	0.976655681826262	0.9758362034932
X4942LC	0.0358211288894829	0.00544940107061718	0.190634532990792	0.168691349222708	0	0.529351412118222	0	0	0	0	0.0813129200571881	0.0114628010662973	0.0988063682566294	0.011495589571413	0.00879153124868364	0.466415636644691	0.0150662487067504	0.000356907124390872	0.171642102433008	0	0	0	0.001	0.334548391797484	0.945155804847828	1.79529792940087
CHG021096	0.0208463470902861	0.0473376650867619	0.274542783618342	0.0662437207434505	0	0.20922214505924	0	0.0791198425210728	0.0241181558939541	0	0	0.0789159095011638	0.0420052779808416	0	0.0422998256569652	0.357634315017352	0.144305829999247	0.0243571315101868	0.042496093226927	0.00236447831070253	0	0	0.027	0.212578455391894	0.988883713670562	1.45580952121649
CHG021101	0.00870392324995862	0.158429925717636	0.168612620055054	0.223312823193868	0	0.336821316914883	0	0.0270976995766962	0	0	0.011605552271992	0.0456485896890453	0.124580506993071	0	0.0015674702043341	0.192311690990489	0.0135432579806894	0.0129016678995251	0.254843079689293	0	0	0	0	0.460629421327809	0.889223809111968	1.57998012442654
CHG019725	0.11358599278233	0.202940537269439	0.13758541638727	0.144524810298526	0	0.555504159723901	0	0	0.00508066080832138	0	0.025627645936607	0.128377508780802	0.120970562528229	0	0.0321898325897573	0.421184542150089	0.0277898902600692	0.0420499195904798	0.0616146177944054	0	0	0	0	0.454990185070842	0.890828664377409	2.01902609690023
X5069LC	0	0.0606401020642109	0.224622785210714	0.081118410069844	0	0.337677446600706	0	0	0	0	0.0451086027891315	0.0207875345959286	0.100739001503662	0	0.00196226191985534	0.175476950800724	0.0295643228394971	0.00673297631276184	0.338595321017811	0	0	0	0	0.473187851167603	0.88413963220471	1.42302571572485
CHG020811	0	0	0.276943777515929	0.054358608796438	0	0.184303108492194	0	0.00786269068002577	0	0	0	0.0442145938561727	0.0507330433863595	0.00186893595447659	0.00228125046532921	0.175449760038087	0.012112612956897	0.0179655268135057	0.257866584938973	0	0	0	0.001	0.371868234660164	0.9289427111447	1.08596049389439
CHG019688	0	0.0457242030956487	0.169087066471041	0.0539606863733809	0	0.242557014522292	0	0.0320205148163658	0	0	0	0.0394798467676147	0.043760705470105	0	0.00969530067590248	0.17769608971518	0.0420896394910184	0.00330808080047856	0.1856213282702	0	0	0	0.00600000000000001	0.280469710839259	0.964792182051126	1.04500047646923
CHG019510	0	0.0497959373104295	0.111778230083252	0.0523493424536174	0	0.243223681923031	0	0.027060913732823	0	0	0.0198177244744335	0.0337650566232156	0.0341453786756896	0	0.000448349367521304	0.253721931798124	0.00321163458874735	0.0061528254022063	0.267127792864457	0	0	0	0.00600000000000001	0.288177601389991	0.965733519065739	1.10259879929755
CHG019502	0	0.0121741002809799	0.0591992540196193	0.109239433886295	0	0.408477664011722	0	0	0	0	0.0596727786048744	0.0143763728523903	0.0984122676270372	0	0	0.355724834954575	0.0521452107215674	0.0305416959607593	0.251511399672582	0	0	0	0.001	0.381263720242255	0.924845276841155	1.4514750125924
CHG019500	0.0118352393196251	0	0.137470716816663	0.114853913856213	0	0.3681571642813	0	0	0	0	0.0239075090619779	0.0116637580669054	0.0376263338068216	0	0.00259653192124971	0.348344646977456	0.0455833115967354	0.0176091719890817	0.151203917951747	0.00735408191606243	0	0	0.001	0.33245228620448	0.945756537324461	1.27820629756184
CHG019512	0.0540974941962275	0	0.0641194363467455	0.0436601310457549	0	0.277494615249217	0	0.00427359193859056	0.00859468478090412	0	0.0487973556474221	0	0.0288568738029737	0	0	0.166201535041158	0	0.0879102961999534	0.153260685997456	0	0	0	0.022	0.218762136747932	0.992724289032469	0.937266700246403
CHG018368	0.00126444905609063	0	0.0284538772312228	0.092774211463713	0	0.397900593009634	0	0.0138166777752782	0	0	0.00705562225877295	0.0848377354919634	0.314624222217772	0.0326981073020936	0	0.16007459286997	0	0.114683041791939	0	0.40906914601788	0	0.0023962253582873	0.028	0.209199389137576	1.00834760333593	1.65964850184462
CHG020271	0.026774509966065	0	0.0283010819828905	0.106084840829643	0	0.222372860918087	0	0	0	0	0.0639756325959949	0	0.0688937548805848	0.0843268859638334	0	0.416469108233932	0.0227819345459082	0.0842951813522976	0.0353116839059794	0.00616706840518551	0	0.00536869858848734	0.004	0.31019818136379	0.959937416068784	1.17112324216889
CHG020279	0.012960359287222	0	0.166461573274286	0.112199953498217	0	0.289465428430682	0	0.00727645732232415	0	0	0.0261270904036603	0.0103719419112767	0.0871268522688759	0.0454157506583995	0	0.293053666665363	0.0314128351730584	0.0202260424250664	0.328276281225778	0	0	0	0.001	0.387390103025391	0.922044617817519	1.43037423254421
CHG020306	0	0.0908181848223723	0.154837611352746	0.0490982825652901	0	0.148403335057355	0	0.012756940392654	0.00494315222592978	0	0.0107904370766778	0.017324578333345	0.098412803638955	0.0152142958526645	0	0.155177092627944	0.000948190638720089	0.0191503111530595	0.342110626319545	0	0	0	0.001	0.357054415910268	0.936570561537549	1.11998584205726
CHG019710	0.0503567702421416	0.1647043988778	0.0883323711819859	0.104384907744845	0	0.573697628017494	0	0.0374822672552163	0	0	0.0607928742759229	0.0124321848881034	0.074411690396521	0.00208145190382805	0.0261579564606749	0.237342779759082	0	0.0203792444264037	0.145709126584085	0	0	0	0	0.488345157366325	0.874159036959888	1.5982656520141
CHG020245	0	0.0363765468618691	0.0131024556133595	0.0821356553302588	0	0.243572112996074	0	0.0158736708164617	0.0193868609420749	0	0	0.0665096641077311	0.0923919185880313	0	0.0132173927833055	0.221588458690679	0.0878573128296145	0.013222125276929	0.350471884490837	0	0	0	0.005	0.291924903761974	0.96742974955043	1.25570605932723
CHG019702	0.0333724428312252	0.0973267921963041	0.0864741096526116	0.132374932050612	0	0.398864687134287	0	0.0616582673462451	0	0	0.0601893472142719	0	0.0651883490780984	0.015966295510384	0.0149502002667124	0.330499784216961	0	0.00678424206288054	0.20149505674922	0	0	0	0.001	0.411973556220585	0.910733365874309	1.50514450630981
CHG019778	0	0	0.196867787414955	0.171628618952863	0	0.12891738563097	0	0.203593492114304	0	0	0	0.0248018358985713	0.0467547493790109	0	0	0.22093560988467	0.0231530824745743	0.0142747283857224	0.186846373368177	0	0	0	0.001	0.340039567811495	0.941964583683259	1.21777366350382
CHG019706	0.000138998818061465	0	0.104747435806726	0.121020007725119	0	0.451105758427391	0	0.0021338492947719	0	0	0.0946724234114069	0	0.035339034038882	0.0905056236091508	0	0.350366892391742	0.00512113109585117	0.0299188163941336	0.169617805509083	0	0	0	0.15	0.113708887694624	1.04141805264073	1.45468777652232
CHG019774	0.0122810921148639	0.000806286456753612	0.0131504549307783	0.108828455220194	0	0.359205611403423	0	0	0	0	0.0927182002636327	0.0302529768815752	0.0450015671889876	0.180616153592014	0.000771345715642887	0.395871564411747	0.0300961606833731	0.0184753126480974	0.177620395493151	0	0	0	0.003	0.319011593823444	0.956180244835131	1.46569557700423
CHG020325	0.0311694000023346	0.136314822666447	0.126922244565707	0.0976903947416276	0	0.279179877596348	0	0.0316793973647921	0	0	0.0550383460675698	0.0167400688459414	0.0226911007054761	0.109092187462792	0.0313878211823577	0.295824239467266	0	0	0.190515576277037	0	0	0	0.001	0.328565237520256	0.945964501387331	1.4242454769457
CHG020797	0.0012428668816316	0.30751338262757	0.122647812972113	0.124443352973832	0	0.62959120016683	0	0	0	0	0.0820441664771167	0.000150198999039527	0.0698294373965382	0.00165424002439542	0.0348077601007813	0.313243299614956	0	0.027844707306988	0.177016924962586	0	0	0	0	0.473307007693902	0.882476658234686	1.89202935050438
CHG020022	0.00835665132710244	0	0.113294380032242	0.0942875274443063	0	0.33727101257083	0	0	0	0	0.0809066144887875	0.0114400700887242	0.0918002158274877	0.0102966942170484	0	0.340256838469993	0	0.00464960299925115	0.225046611138308	0	0	0	0.001	0.341376809295394	0.942358914394555	1.31760621860408
CHG020012	0.00374678146442353	0	0.136641111199508	0.101155633914881	0	0.286905848135886	0	0	0	0	0.0409746902255862	0.0307586423849926	0.0915761236045845	0.0876183611509131	0.0106946687437802	0.228043776526886	0	0.00740977959567434	0.241735701802629	0	0	0	0.001	0.344151776446545	0.940591532136143	1.26726111874974
CHG020761	0.0264933029373659	0.149368698271433	0.260363507894917	0.165653705291246	0	0.450653454778755	0	0	0	0	0.0345260877221627	0.0193215607916954	0.027009308957987	0.0537125930264962	0.0226987490532113	0.404065061632643	0	0	0.0849645780252229	0	0	0	0.001	0.336572682390999	0.94339941801276	1.69883060838314
CHG020755	0.0564572997476514	0.00403772950336944	0.165683940038189	0.0577799405212579	0	0.307618874016299	0	0.0840909521349732	0	0	0	0.026261929403405	0.0218195475438643	0	0.0235260719429168	0.238238556088143	0	0.0238590150770641	0.126049588991512	0	0	0	0.005	0.298951996004809	0.958253182329379	1.13542344500864
CHG021052	0.0194222346047197	0	0.0558180806275416	0.0402358544834782	0	0.213863090370649	0	0.0192609840289719	0	0	0.0381257642033104	0	0.0490970404133037	0	0.00864301202795007	0.288478841212826	0.0132535631696711	0	0.296490454906043	0	0	0	0.003	0.310976010574295	0.959574751622774	1.04268892004846
CHG021131	0.0401939564803672	0.0138481817704198	0.0891037321346017	0.0562246789874958	0	0.416369106457809	0	0.0308087556606123	0	0	0.0553772106978631	0.0212899756329973	0.0955110856925339	0.0120728176584141	0.0532970430987883	0.332427323256462	0	0.0421507471900293	0.284513917347985	0	0	0	0.002	0.32276302945448	0.949349530228981	1.54318853206638
CHG021056	0	0.0287104422135902	0.130529504660849	0.0915831910518766	0	0.350102351817669	0	0	0.0578216257977522	0	0	0.0962569930659195	0.121472264462139	0.00649186381908962	0.0269066794118976	0.251801625674687	0.0287748300196941	0.024825894210981	0.160790365197261	0	0	0	0.018	0.224011217084915	0.989112417568077	1.37606763140341
CHG021782	0	0.0481229303686209	0.126437497345991	0.108610728963352	0	0.308943936970266	0	0.0117104431172355	0	0	0.0050143806339116	0.0503556052074178	0.170069124236526	0.0502520118451633	0	0.245182010666972	0.0381129855854157	0.0244043687701671	0.188511272530299	0	0	0	0.001	0.392903997708966	0.919305241126504	1.37572729624134
CHG021770	0.139971033914432	0	0.0848586775786157	0.31464243349791	0	0.406335859636249	0	0.0563408212025231	0	0	0.110524827435632	0	0.119954417771807	0.0762352958287776	0.012134440413731	0.624360672375116	0	0.0245496254342382	0.0477239789873664	0	0	0	0.00800000000000001	0.269353456817558	0.977219604812706	2.0176320840764
CHG020261	0.0167199428969984	0.168351739748425	0.142322585418559	0.10608699023492	0	0.634885190207746	0	0	0	0	0.0340852117929107	0.0188140702837817	0.0551147470818697	0.0241340077002469	0.0418236496473226	0.253095502855027	0.0459373598565588	0.0163492542375167	0.193562811599112	0	0	0	0.001	0.367439992090979	0.930677815004694	1.75128306356099
CHG020793	0.0174921307222778	0	0.143938978273107	0.121150605067868	0	0.325771203630432	0	0.00958868269439105	0	0	0.096768301353284	0.00317885325197698	0.0443902513406096	0.000425565533727642	0.00382226856306828	0.256740080350722	0	0	0.0703415848749065	0	0	0	0.035	0.19219225583709	1.008483169327	1.09360850565637
X4873LC	0	0.00214481136188229	0.066075625159072	0.120629605299966	0	0.371833020897769	0	0	0	0	0.0642672814849433	0.0352270660840251	0.142285958998408	0.0175507162817828	0	0.136298856879807	0.0553961337243706	0.0181711532173289	0.0743006472264167	0.0924566119830005	0	0	0.028	0.209037529894199	1.00238321388445	1.19663748859877
X4912LC	0.000978712967581433	0.0420858766641138	0.0761278860578245	0.110249943054849	0	0.329128373267374	0	0.0215805897838018	0.0412081640031639	0	0.0399956119321176	0	0.0708613685453095	0.397563660873501	0.0182454479375069	0.344974489909506	0	0	0.202791980292249	0	0	0.0203574788215335	0.00600000000000001	0.284242043376942	0.973775510035696	1.71614958411043
X4933LC	0.044732521775143	0	0.109219134739891	0.064627987752426	0	0.145353035183241	0	0.0631092927712804	0	0	0	0.055412347420053	0.0595815770554187	0.191803945113412	0	0.210649365886534	0	0.0100011041144454	0.442713494496609	0	0	0	0.001	0.364636878663736	0.935885413260101	1.39720380630845
X5081LC	0.0554366621421608	0	0.0675103398478727	0.0492512819720024	0	0.279478415630286	0	0.00372503285406842	0.00514573704338955	0	0.011769733038299	0.0409729464456078	0.0420092366773019	0	0.00860988187500156	0.148796764832168	0.00581378971789511	0.00774502767858872	0.308261471766792	0	0	0	0.001	0.362088114816321	0.93601483008255	1.03452632152143
CHG019772	0.0569959723432653	0	0.0954981253739557	0.142221139756585	0	0.266564445706115	0	0.0138239339464198	0.00511621325980977	0	0.0450132872292776	0	0.0116982348723883	0.179476473537248	0.00690982931673079	0.798817701695228	0	0	0.107537785073327	0	0	0	0	0.46133192175986	0.88710480039842	1.72967314211035
CHG020311	0.042941222708786	0	0	0.100278542749127	0	0.129945416520055	0	0.0200187379950638	0.0206231956188769	0	0.065274248580614	0	0.0266123264397592	0.240447705614796	0	1.05379945492516	0	0.00214850558959815	0.118431432321983	0	0	0.031757414511066	0.001	0.391586463797654	0.934374670794712	1.85227820357488
CHG019984	0.198248867622518	0.425245050842382	0.24405234907437	0.285039603406597	0	0.899131925397645	0.00802942022936731	0	0	0	0.0318250114110696	0.00998490253849417	0.0505137716267898	0.0767243090080435	0.023214386872048	0.299153630427658	0	0	0.0990130651569687	0	0	0	0	0.589116998506133	0.819990420737499	2.65017629361395
CHG020779	0.00123216549902131	0.0153242539035095	0.132345781124969	0.0538994320630574	0	0.33620743227806	0	0	0	0	0.0392799296535384	0.00629793132509064	0.242654190284838	0	0	0.158747813560929	0.0878712588069935	0.0225615319415613	0.174593975816107	0	0	0	0.018	0.223830053858164	0.988675540794146	1.27101569625767
CHG021119	0	0.0220777757714056	0.0837457311312195	0.0860775220549742	0	0.390094043979513	0	0.00162932491696841	0	0	0.0457151066776257	0.0308009720872457	0.0738684904684014	0.133094056613241	0.0718166216799573	0.279557659888587	0.0305616201673355	0.0349577258505883	0.0156595940804265	0.160332939551958	0	0.0191863871839598	0.001	0.334484957647024	0.945321536799477	1.47917557210341
CHG020789	0.00876969699069402	0.139826881835306	0.0344586802751358	0.116168391717185	0	0.523819644558101	0	0	0	0	0	0.0834978201635586	0.0811401987405553	0	0	0.184997612835057	0.119238014490481	0.0262599154561368	0.242518515740926	0	0	0	0.001	0.359503444931274	0.935036256918047	1.56069537280314
CHG021127	0.0305336012975618	0.0120178446141704	0.0221369573061851	0.0858936217974071	0	0.573893423748426	0	0.00484603383564804	0	0	0.0250060640454492	0	0.101251280738301	0	0	0.226517453658524	0.138006189455079	0.0549982001707436	0.0033858484642914	0.179092744927459	0	0	0.001	0.394388110937003	0.919285071850103	1.45757926405925
CHG021103	0.0481930972404107	0.0696860317377996	0.0569185278870497	0.128097396338136	0	0.348476641175683	0	0.00921966552702195	0.0449070586465329	0	0	0.168869163210896	0.0456455380011187	0	0.0416506186340756	0.234924810120341	0.0184794017721697	0.0208703463496256	0.0677386844501182	0	0	0	0.01	0.25925633841301	0.983725660829387	1.30367698109098
CHG021803	0.0202979944018634	0	0.00354574620575564	0.100261608110318	0	0.215851273592529	0	0.0537628094107477	0	0	0.00120802628175066	0.0951378645966922	0.123210013305166	0.18040230067062	0	0.334559599433741	0	0.0828217536633801	0.0687890847110888	0	0	0	0.018	0.223636957863205	1.00026268601961	1.27984807438365
CHG021756	0.0258841253117231	0	0.173729972847716	0.0650223604946794	0	0.33746493981521	0	0.0155437863344449	0	0	0.0372894965541091	0	0.093818485096687	0.12619372217052	0.0275365998632766	0.390765877803282	0	0.0223781008853852	0.011148742033797	0	0	0	0	0.450286450954716	0.893128601766808	1.32677620921083
CHG021796	0.0153108080658188	0	0.114800906457153	0.14653529231965	0	0.307640968226334	0	0.0550390252963803	0	0	0.04369868145128	0.00926250497077348	0.0424896699222795	0	0.0381551974071989	0.302005401424815	0	0.0166516127195996	0.124500978201274	0	0	0	0.001	0.335237155932515	0.944672127467573	1.21609104646256
CHG020791	0.0462389601798109	0.0504781080290782	0.0459352760519639	0.152663830727966	0	0.498616377434421	0	0.0430235880454177	0	0	0.0987701179717017	0.0416379467857368	0.128372812648658	0.0261979942287398	0	0.188951599056428	0.0470506438675546	0.0794243752618871	0.0682801230948803	0.083228333877691	0	0	0.005	0.293069527718502	0.965779499949436	1.59887008726194
CHG020785	0	0.0713307295623473	0.0593103799087124	0.0721524490374003	0	0.37573805932841	0	0	0	0	0.0718450637410799	0	0.0608781831110461	0.0116636905466262	0	0.297764523236377	0.0233761038202096	0.0160500040133384	0.147277448051968	0	0	0	0.001	0.338605283847596	0.943490301570728	1.20738663435752
CHG021107	0.0497028284481734	0.15380563299246	0.0261580399545546	0.148122680035241	0	0.483134329236224	0	0.072250956924674	0.0197203919757393	0	0.0131124844361988	0.0591509859698768	0.107639194221072	0.0436161438919878	0	0.388649882174445	0.00163410176087432	0.0566020948302227	0.158373358694381	0	0	0.000468827829865045	0.001	0.387280503982655	0.921955844513823	1.78214193337599
CHG020783	0.0638095367105947	0	0.0157096152810833	0.0596375331150561	0	0.423457829529668	0	0.0401726923059472	0	0	0.0293304095595246	0.0399132547983792	0.0928431498984198	0	0	0.140751523343016	0	0.0301404832365565	0.263656763786888	0	0	0	0.017	0.231488192551421	0.997605482810437	1.19942279156513
X4894LC	0.0442342675790525	0.00131971237298372	0.0241144909110126	0.127450817288277	0	0.425117582193422	0	0.0359209629131551	0.0118940730439411	0	0.00381824726475761	0.0752780128731663	0.0711287516307305	0	0.0176481271913354	0.263906742037344	0	0.0452584354984445	0.298678049797229	0	0	0	0.001	0.392617399943743	0.920373477867457	1.44576827259485
X4941LC	0	0	0.10630955534067	0.138841491830678	0	0.371112272272182	0	0.00766677165802904	0	0	0.0911738906561437	0.027893691873735	0.0589230644521315	0	0.0157751074801981	0.293890968672245	0.000327467079066928	0.0711021430055062	0.188049641541075	0	0	0	0.001	0.396292279592292	0.917715322431785	1.37106606586166
X4948LC	0	0.104917299320494	0.233263214879415	0.173015835088333	0	0.342413619464652	0	0.0911468315272331	0	0	0.0356589692680202	0.0270913739066651	0.0713090797068488	0.0704578882957082	0.00301961426856701	0.339289199501278	0.0212093219236922	0.0218379738854291	0.131389061012518	0.0191908215785643	0	0.00918253424235599	0.035	0.192827711280472	0.999373025171676	1.69439263786977
X5091LC	0	0.093314082877845	0.215487711475871	0.0880176262553123	0	0.269966879945282	0	0.00375190418124668	0	0	0.0275156090061939	0.0386588204813728	0.039400744493117	0.0988044833094634	0	0.309261322321181	0	0.0467929732481103	0.251081288638856	0	0	0	0.001	0.38629446765807	0.92236277975255	1.48205344623385
CHG020257	0	0.0140435639285219	0.0758048132362091	0.100208949238883	0	0.229298321685835	0	0.0352682417765579	0.0912941050048549	0	0	0.0905738346134415	0.0436664509008112	0.166821454717761	0	0.28884578913448	0.0405805542000576	0.0231115336664419	0.198648600315887	0	0	0.00638611070807385	0.018	0.22425583274862	0.992927971620196	1.40455232312782
CHG018347	0.0920229478799241	0	0.142819422506966	0.0942656855667959	0	0.294095072433338	0	0.0201489457810453	0.00986800513163063	0	0	0.0405929839832429	0.146024280838566	0	0	0.178798465855708	0	0.0261652203549573	0.32755286378275	0	0	0	0.005	0.294256825838486	0.96226524279169	1.37235389411492
X3246LC	0.0207768313071807	0.0111701795005154	0.0514245071381292	0.120967209559908	0	0.397483868723102	0	0	0.00291524608146315	0	0	0.0815786613821744	0.093576004930772	0.0316851717840726	0.0123166373957197	0.132241371378271	0.031356271656291	0.00975018594850152	0.261973448732366	0	0	0	0.014	0.242304720852465	0.99018565927863	1.25921559551847
CHG020333	0.0593879630508603	0	0.145663737732986	0.0578031230103742	0	0.51677424215744	0	0.0563057228778439	0.0308731920214936	0	0	0.0269266016988261	0.0704307971633523	0	0	0.135968811382402	0.054591094246081	0.0599834588014257	0.0555255425824817	0	0	0	0.001	0.338215643849186	0.945765602327315	1.27023428672557
CHG019736	0	0	0.0309840311102663	0.0334073633709251	0	0.247223113752878	0	0	0.00713861754084966	0	0	0.0672192742274881	0.0780979012798907	0	0	0.331296874164006	0.0797761139317586	0.0097290884135307	0.120986832358563	0	0	0	0.001	0.328296651461979	0.949240354990438	1.00585921015016
CHG020028	0.0496652625638688	0	0.366359426129604	0.0410257932615461	0	0.123119219498254	0	0.0343364431310821	0.00686968633788664	0	0.0159242947885002	0.0460226655000361	0.0122888945853275	0.06942071486751	0.0311571021858988	0.197700716803265	0	0.0507726778295322	0.014316422032079	0	0	0.0254074645905968	0.026	0.21555549568932	0.987727276555289	1.08438678410499
CHG020269	0.0369637070249991	0	0.152766391995037	0.00984458788120764	0	0.171325454359405	0	0.0297329228672218	0	0	0.00285141365121965	0.0283816744884027	0.0514081571853648	0.0117211883940991	0.00699827412230802	0.224666661804095	0.0216754377090405	0.0427656025727788	0.120136392996294	0	0	0	0.069	0.151670203464755	1.01065345827833	0.911237867051472
CHG021084	0	0.0899601628476645	0.2935677794921	0.0345547358829378	0	0.0942046697862796	0	0.00238330357554068	0.0479529587062567	0	0	0.0426884115113838	0.00940594003767752	0.107853210223108	0.00875670248773659	0.482636418503591	0	0	0.050220195830378	0	0	0	0.001	0.38537300754774	0.923716483482778	1.26418448888465
CHG020277	0	0.152810560471418	0.134927372060047	0.0692966456365599	0	0.197702910866612	0	0.0158102724491089	0	0	0	0.0489547170068061	0.0220612339755419	0.0684334092961191	0	0.52473507846316	0.00776056303600507	0.0319037837362018	0.21710188065397	0	0	0	0.001	0.419166063276474	0.907886059768462	1.49149842765155
CHG021080	0.0427056244493963	0	0.118489207886692	0.0231809512131457	0	0.193048715293084	0	0	0	0	0.0197429043717711	0.0112134751156562	6.32263035030412e-05	0.175683129115292	0.0452277647608833	0.227317872599215	0.000174068756862015	0	0	0.0503695269109807	0	0	0.004	0.306188319733738	0.961116917681532	0.907216466776482
CHG021068	0	0.0660950826931171	0.27511966570474	0.109540401662377	0	0.403842728284364	0	0.019816135271706	0.0203766977940014	0	0.0122717102352131	0.0738228841169017	0.0316156286350305	0.00726905707545643	0.0476999628991477	0.286531591195466	0.00605169927257519	0.0387314492530195	0.0505720724505761	0	0	0	0.001	0.420899081221879	0.907132870105443	1.44935676654369
CHG017878	0.0433119762083202	0.00483451473581705	0.0858051016717138	0.0885228523015773	0	0.239328248550436	0	0.0330105190314229	0.040859563510146	0	0	0.0884536117769608	0.106775912711315	0	0	0.213488855983768	0.17523735840214	0.0344738483198299	0.199952389917426	0	0	0	0.00600000000000001	0.278801702438822	0.965745775629168	1.35405475312087
CHG019117	0.0612079150125435	0.029755257128525	0.257030903774036	0.119805364741224	0	0.259033633843134	0	0.0228587010161368	0	0	0.0235139496717155	0.0539189423222046	0.046468138979417	0.0239437255654628	0.0431824695277939	0.225553645331153	0	0.0139881501505267	0.0270114846791882	0	0	0	0	0.458157812061262	0.89154962635372	1.20727228174306
CHG019716	0.0265710891380836	0	0.401611613164265	0.0663778035542409	0	0.072865944320847	0	0.0963540677585736	0	0	0.00151329184162641	0.0238624763821491	0.0273572457306452	0	0	0.122533601487152	0.0397597312458672	0.0215074098448379	0.180353326985624	0	0	0	0.013	0.248655548995565	0.976187425058747	1.08066760145391
CHG020033	0.0400080556951277	0	0.141190151735593	0.0268989383498145	0	0.189790644578407	0	0.00134498459012784	0.00252378530330928	0	0	0.0314411486958352	0.0154582330416019	0	0.00482403953162318	0.268858425952392	0	0.00929743192569146	0.125270922379476	0	0	0	0.054	0.166155848197084	1.01000706276293	0.856906761779
CHG019738	0	0.00505064936896191	0.0468375236495089	0.0312838413960243	0	0.365007402162669	0	0	0	0	0.00129384459231612	0.0417015311845866	0.0669371565395668	0.0102563648180562	0.00201719518175693	0.349160928901921	0.00721576693902768	0.0156726753025568	0.294784173286761	0	0	0	0.011	0.257518231800827	0.983256137578897	1.23721905332371
CHG020046	0.0118371891515316	0.0236199959584532	0.0373332136701065	0.0706121094007407	0	0.326080767909533	0	0.0376463172806334	0.0256268430744861	0	0	0.066952343195472	0.0549726049112889	0	0.0107688150658547	0.267841126707629	0.074453568873078	0.00698583209588797	0.120091005147414	0	0	0	0.013	0.25093502372878	0.981950646551198	1.13482173244211
CHG019718	0	0.0101881110409766	0.0196956252793546	0.0204634196754492	0	0.178715290467152	0	0.00896329163653787	0.000302596034520392	0	0.00572720575536015	0.01600041648621	0.0259660697431633	0.00528203211145335	0.0064309717054212	0.243426916068244	0.0292614798180873	0.000134328103691313	0.118258832648838	0	0	0	0.145	0.115357160206272	1.04239574280723	0.688816586574458
CHG020820	0	0.0892679929336798	0.0394826275554059	0.106872946202097	0	0.132070450855053	0	0.0847486172993847	0	0	0	0	0.0636010670509964	0.166141788157484	0.00858465974258529	0.630656937267607	0.0161648813608606	0	0.201112307545822	0	0	0	0.001	0.39289307226068	0.922234638696432	1.53870427597098
CHG020812	0.108325985454726	0	0.128469159329659	0.350454377038917	0	0.309504616729686	0	0.0466498712264803	0.0547994863606172	0	0.0558945260976485	0	0.0244279110348527	0.305357353954329	0.0339178750566372	0.890353680284721	0	0	0.146881437160002	0	0	0	0.001	0.368184540100861	0.933011310411694	2.45503627972828
CHG020826	0	0.0141608020244754	0.0494968988146354	0.0943091828669473	0	0.191130704812235	0	0.05492006220023	0	0	0	0.0598366098280267	0.0569775513348233	0.0277973355140098	0.00132679465005344	0.367640810667523	0.0146878085898626	0.00388241367067423	0.26145884693592	0	0	0	0.001	0.34801094643045	0.940848460353701	1.19762582190942
CHG018362	0	0	0.103225345316336	0.111840355581278	0	0.346405758853387	0	0	0	0	0.0166340252189532	0.0493977028803758	0.131130081545931	0	0.00254477636912284	0.398919762340291	0.0482378661412244	0.00668878009620569	0.197480820851907	0	0	0	0.001	0.424086382467415	0.905396021524192	1.41250527519501
CHG019551	0.155513534586739	0.0635556829507055	0.13007636143344	0.254922105531935	0	0.488210903785316	0.00727128524210665	0.0523853903679486	0.00275877639394895	0	0.0493637780863365	0	0.0566073452706763	0	0.0533176490998366	0.300378602309237	0	0	0.134296983732902	0	0	0	0	0.491589100662251	0.872467379969643	1.74865839879113
CHG018364	0.0238109765266621	0	0.0273904106638582	0.0764349612006975	0	0.286774996383187	0	0	0	0	0.0652024517470431	0.0457819108994194	0.0543379618446038	0.0682806868946504	0.00544755533095989	0.473054717904082	0	0.0727059936797341	0.099523582188045	0	0	0	0.001	0.363784769933494	0.933977986737441	1.29874620526294
CHG019538	0.0640455773959262	0.486308360757437	0.250887133970746	0.189206918972587	0	0.478915393635168	0	0.0199040326264717	0.0231317207266073	0	0	0.0660367874338847	0.044743730219855	0.107981697559812	0	0.262186129944909	0	0.0310527606925809	0.249615847110477	0	0	0	0	0.539323144580761	0.853865796103979	2.27401609104646
CHG018349	0.0113471993320028	0	0.0778936625621689	0.0452967576951116	0	0.199869798180452	0	0.0383378994045057	0.00181878378029456	0	0.00195915961431217	0.0266428475995939	0.0589573201054729	0	0.0072177421000795	0.299580293318333	0.0245028506485077	0.0184306407152876	0.142945812740003	0	0	0	0.078	0.1466194404709	1.02130653613709	0.954800767796126
CHG019674	0.0324644636859637	0.225721561783746	0.24420316316345	0.150906517827787	0	0.394241717596815	0	0	0.0248049992572505	0	0	0.082859824627377	0.0236038041460383	0	0.0134521803205671	0.328383653324342	0	0.0296039314497984	0.170510543681044	0	0	0	0	0.490827945596961	0.877244070940008	1.72075636086418
CHG020818	0.0143151443229502	0	0	0.0633913282790578	0	0.279019365849082	0	0.0212149363992376	0.0312092947560091	0	0	0.0644866514533574	0.0300535190116798	0	0.024263173226039	0.340047631046525	0	0.0226578533785519	0.340578424792723	0	0	0	0.00600000000000001	0.279772430157083	0.976100045900234	1.23123732251521
CHG020808	0.116382089760094	0.127861719578382	0.0490578742664324	0.159294974726018	0	0.605066698197359	0	0	0	0	0.0562593298359256	0	0.036397496129452	0.0351899558319346	0.0201040253636484	0.330227323887749	0.0281751938455071	0.00549523426563265	0.140974491325492	0	0	0	0	0.449958126660717	0.892593138988111	1.71048640701363
CHG019526	0.0307441936873337	0.0913426858315662	0.0734102731873886	0.159408228470504	0	0.228142323689589	0	0.0657695921760987	0.0601927290325617	0	0	0.0788159019635225	0.0325131371492976	0.134553968529253	0.0553427353648846	0.52152594171892	0	0.00377171936165865	0.152605208769042	0	0	0	0	0.442324855064471	0.896557568024574	1.68813863893162
CHG020795	0.00652705656672804	0	0.0740687328006143	0.067438248051785	0	0.270973891193764	0	0	0	0	0.0328293365354487	0.0425575143902189	0.0658920266650946	0.0655321346024119	0	0.290703960815046	0.00996703380984125	0.0216295915747252	0.250275264422365	0.00609499239232768	0	0.00130680465996525	0.018	0.226797466933552	0.992924907640897	1.20579658848034
X3238LC	0.00301250895455356	0.00522243844588705	0.228883000972138	0.0417010087133377	0	0.210623369613472	0	0.00740522814979379	0.0176178500765732	0	0	0.0373891020519649	0.0667912356133873	0	0	0.232790635266847	0	0.0126290347147618	0.125242617975768	0	0	0	0.03	0.204539277518406	0.992612499431667	0.989308030548484
X3244LC	0.0604641240588096	0.0288683681954326	0.0620152974355036	0.118091762517047	0	0.416591410727644	0	0.046419625981281	0.013895837552516	0	0	0.0690754707130357	0.0414695965440091	0	0.0727178200228096	0.272020318881162	0	0.00427250542397794	0.0727207297469818	0	0	0	0.004	0.304269073824104	0.96153419680555	1.27862286780021
CHG020048	0	0.108843430154885	0.516241961102223	0.198417279483826	0	0.289677497729169	0	0.105387280941452	0	0	0	0.0337747358250148	0.0144920746040552	0	0.0442769072491694	0.21974307252557	0.00405938612656641	0	0.131443562817364	0	0	0	0.012	0.255478014334163	0.974788852229079	1.66635718855929
CHG020052	0.0589957944436737	0	0.1900198292185	0.0342696005362902	0	0.127895412535383	0.00823357289071888	0.0193791108623605	0	0	0.0256485691102161	0.0154846194991638	0.0152053343929237	0.0125997301754106	0.0166642138344928	0.168836851199221	0	0.00643627663079641	0.0447245626570383	0	0	0.00280011826740221	0.189	0.0974094320675036	1.02853843266226	0.747193596253591
CHG020058	0	0.0910754906968968	0.12327746760027	0.201477469475667	0	0.478858136331561	0.0139645245211616	0.144624334242805	0.0292328578908133	0	0.00427307111725124	0.0707976170971614	0.0332602929514162	0.210641266034228	0.241224937374666	0.490927241791431	0	0.00545732511533747	0.00916545515271756	0	0	0.00856350992477678	0.001	0.352726553922312	0.94014181474085	2.15682099731816
CHG019730	0.0312887882084607	0.0648213535199348	0.173472127945035	0.192766332034021	0	0.789563577710459	0.00301127237321059	0.0258099758632055	0	0	0.0506526265443739	0	0.0156929611504141	0.1391872313914	0.0700332155996104	0.392279129577936	0	0	0.24467460382911	0	0	0	0	0.432782688850541	0.901074862429574	2.19325319574717
CHG020059	0.0132297440478836	0	0.162543416117817	0.074463665141457	0	0.208980468827062	0	0.033942238223857	0.0287588670625917	0	0	0.0813255010717859	0.021804497714468	0	0.0287755700327042	0.354681865949861	0.147412331195449	0.00325551008078989	0.106494674725541	0	0	0	0.001	0.405333364251378	0.914057986701479	1.26566835019127
CHG020315	0.0352167847416032	0	0.138004266412493	0.0404422871145616	0	0.179959201609119	0	0.0188012235763979	0	0	0.0358110912327022	0.00218146752522755	0.00857597351473138	0	0.00405884448721652	0.140578876358362	0	0.0319392004889775	0.060029568622751	0	0	0	0.139	0.11854347777672	1.02554688977166	0.695598785684142
CHG020050	0.0431198245544902	0.00802859856980987	0.0214174791413056	0.159698617877432	0	0.34671700424094	0	0.0528149720861407	0.0454033049787628	0	0	0.103160431575343	0.0441780489970824	0.0501058326909564	0.0160151395173785	0.531976678144959	0.169538952043513	0	0.129387390109842	0	0	0	0.001	0.40517419675152	0.913999577082153	1.72156227452796
CHG019107	0	0.0106336353236386	0.0476552954050027	0.00246589874192267	0	0.152217843080446	0	0.0118029573149428	0.0277629038613443	0	0	0.0427666381429275	0.00152383180106301	0.16374499011238	0	0.454074731071056	0.00170521813929478	0.0528181581047649	0	0.162109689602111	0	0.00565818778992354	0.001	0.354228571746252	0.945903545670855	1.13693997849082
CHG019109	0.0134372401510595	0	0.236214514580766	0.0779730345137188	0	0.226592369915161	0	0.0202375832376562	0.0331083973475889	0	0	0.0825178587282492	0.0573199431162157	0	0.0221717954642162	0.355658797490365	0.145297543737367	0	0.0831814808827721	0.00644300005998888	0	0	0.005	0.298430744655815	0.957275712037024	1.36015355922513
CHG019670	0.0833288277559332	0	0.0253265031613395	0.0524635128216672	0	0.254817175567425	0	0.0480074189387832	0.0850480153324838	0	0	0.0856409395241791	0.0433384522908288	0.0278744427279207	0.0202045855179022	0.280601687618595	0.0807470421479336	0.00125262435759883	0.0612933078241485	0.0160219482065007	0	0	0.069	0.152063534052734	1.02262018795169	1.16596648379324
CHG019790	0	0.00283644917311201	0.0228536545174776	0	0	0.222068660679663	0	0.00717419333149784	0.00208301197091256	0	0.0378425171433305	0.0107820195173807	0	0.289133892045799	0	0.425483614332847	0	0	0.0286358980112601	0	0	0	0.005	0.297498734963207	0.991061822464653	1.04889391072328
CHG019113	0.0717647974512934	0	0.292163982997308	0.335445227063055	0	0.305753147007989	0.0538124214585055	0.0384834276931554	0.00371655307037092	0	0.0275608646616388	0.099509402884791	0.0590380851479145	0.0553203055256957	0.200722024868582	0.317887696588941	0	0.00337748514272077	0.0669446396983686	0	0	0	0	0.470625675434361	0.883148464103929	1.93150006126033
CHG018354	0	0.0175923396192264	0.0182145419346358	0.0613381810071222	0	0.399649473499492	0	0.0155442872593414	0	0	0	0.0722297425615436	0.0647849023886821	0.0385605066288319	0.0154625222256946	0.419937341634993	0.0430443004232235	0.0284710921381871	0.170818698760571	0	0	0	0.004	0.306321298196685	0.959482837664786	1.36564793008154
CHG019548	0	0.215706501584881	0.104716499493083	0.133421349167569	0	0.316095072747892	0	0.0314285118110399	0	0	0.0238535892169562	0.0380547981924253	0.0300114880872869	0	0.0440170939019225	0.550860528618257	0	0.0626853669763204	0.0262786773114231	0	0	0	0	0.499602683045597	0.869731880466919	1.57712947710906
CHG019708	0.0475540045282704	0	0.10000623819532	0.0493643090247413	0	0	0.0417676191179828	0.0707706741195075	0	0	0	0.0353818981189469	0.002197588248725	0.146083503380108	0.00154288422493375	0.166812622036292	0	0.0159960440369423	0.0275373154533492	0.0518558142700382	0	0.00208506469949017	0	0.502934482834272	0.868253478709796	0.758955579454647
CHG020273	0.10405837792084	0.00360259190586187	0.0997771486627481	0.0439360782478451	0	0.327145495392522	0	0.0024927689816238	0	0	0.0279386194144639	0.0136156323712872	0.0253171535128985	0.114391415189607	0	0.340758111603102	0.00426614600674284	0.0277385215744467	0.0659312137575794	0	0	0	0.014	0.242183029800551	0.985298243087657	1.20096927454157
CHG019516	0.0361959224734834	0	0.322704658403853	0.208448965263892	0	0.0781081024496969	0.0172211751052553	0.0626943725614641	0.0292966969235541	0	0	0.0479071016257213	0.0193238270950305	0.0804809322817819	0.0574682230870072	0.358403565758433	0	0.00020755803975929	0	0	0.00781958014592757	0	0.001	0.387210605836966	0.921712334736455	1.32628068121486
CHG019678	0	0.0168060064662496	0.217518021615465	0.0924150129794899	0	0.118652483389409	0.0204414136749417	0.0636193515834237	0	0	0	0.0544341987759245	0.0141621485635591	0.0304089817681889	0.0296147049902129	0.130478215214187	0	0.0182126381854698	0	0	0.00150832857236902	0	0.134	0.120359416461087	1.02838139152478	0.808271505778891
CHG019684	0.0302165498537319	0.0194490052423062	0	0.336394953171923	0	0.402475998689697	0	0.158505299449613	0.150199229350979	0	0.0203397173146545	0.0948515202440838	0.135209341625589	0.0407154798238195	0.265773419086016	0.547730835443891	0.0405236385639834	0	0.0219247443640084	0	0	0	0.001	0.419757274829527	0.908238917270076	2.26430973222429
CHG020293	0.0840663334062951	0.0932716757361485	0.0275180044436518	0.109550281358355	0	0.432659577242645	0	0.0153334311203879	0	0	0.00532251166118433	0.105946121880669	0.116640365104266	0	0.000867505029646251	0.216749398807882	0.0790481325474779	0.0323479472120914	0.277376102036596	0	0	0	0.001	0.420559002707912	0.906669395326916	1.5966973875873
CHG020801	0	0.0759249500043239	0.119844413307506	0.0744421887820691	0	0.267671768735575	0	0.0463835969304043	0.00153221619673543	0	0	0.056597163045988	0.0187291029001431	0.057612425772962	0	0.277410109215535	0	0.0659887469101011	0.145347969082847	0	0	0	0.00600000000000001	0.280637358318084	0.965535026115785	1.20748465088419
CHG020834	0.0771258355121639	0	0.188167795110503	0.0708320874446567	0	0.257025825076216	0	0.0623514774713776	0	0	0	0.0482392375794534	0.0125192719042131	0.0378848328386827	0.0296644601755627	0.380224016125636	0	0.0017782649888861	0.0346443062304672	0	0	0	0.012	0.253370678904724	0.978026764566344	1.20045741045782
CHG021094	0.0243945889560721	0	0.0696131645143625	0.104085182585403	0	0.230215671788204	0	0.0075994627552085	0	0	0.0064818940137961	0.0404839614820316	0.0169012189575857	0.0475773432985462	0.00140335934913664	0.425858661302452	0	0.0145562861581844	0.137825951234867	0	0	0	0.00600000000000001	0.284018532649815	0.969702016418454	1.12699674639585
CHG021072	0.0332831236656046	0	0.0462638317735962	0.0178443514691961	0	0.139228591530624	0	0.0472459639839577	0.00167099144515136	0	0	0.0667549416785456	0.0709625827677895	0.0369063588757997	0.0898774071068816	0.274362738737639	0	0.0955315003481915	0	0.0434496449635538	0	0.00793180151311586	0.005	0.297754956806723	0.964529198290099	0.971313829859646
X1684LC	0	0.0121220289583253	0.0206627353832346	0.0115720934757036	0.0465900177935017	0.120139102832789	0	0	0.00284920887392363	0	0	0.0458008371114106	0.0173741747023462	0.140024663990445	0	0.428668449783068	0.0705145000931655	0.0310369398261724	0.0212200596512403	0	0	0	0.005	0.289136385698687	0.983327050716713	0.968574812475326
CHG021062	0.0524546319108145	0.0237568030376567	0.0532200515990782	0.116686440994322	0	0.490081085533017	0	0.0649196895450027	0.0590106343745484	0	0	0.0882177575546616	0.05174765001806	0	0.0543778253155962	0.299084580217975	0.0360496733485356	0.0247340117595936	0.0532333918899854	0	0	0	0.003	0.319320977884784	0.955853133081559	1.46757422709885
CHG021082	0.0568821138790769	0	0.192722325890951	0.145624696726276	0	0.198433035959066	0.00511279489680965	0.076375986628492	0	0	0	0.0402086687343085	0.0580096752159952	0.00720868378027018	0.122343780829769	0.243666734267948	0	0	0.027047780196632	0	0	0	0.001	0.399525990883836	0.915945182612174	1.1736362770056
CHG021090	0	0.0559897022795435	0.406878007861101	0.137452403735354	0	0.286468609723304	0	0.0623105881021914	0.0518188031520774	0	0	0.106110188691184	0.0175177189582375	0.0332340750784146	0.0435305011303164	0.20957072474325	0	0.00265782666778165	0.0205460970286383	0	0	0	0	0.457337552262141	0.891184851042392	1.43408524715139
CHG021092	0	0.0348681393683027	0.211339953385149	0.120850076428527	0	0.280654306356861	0	0.0413350824274368	0.110816314506853	0	0	0.147656263774807	0.0253098267861292	0	0.0880730224967779	0.250010107950014	0.0480412967527894	0	0.0541035892645621	0	0	0	0.012	0.254724069540404	0.979365501913023	1.41305797949821
CHG021088	0	0.01500706344528	0.0139064812142934	0.0107807768753461	0	0.236715646534756	0	0.0331272174759638	0.000461781352972089	0	0	0.0799477505443627	0.00465733757192371	0.108423136873401	0	0.409143374273398	0.0465061188822305	0.0691350140284732	0.0426376794755935	0	0	0	0.001	0.420177169067538	0.90813083521694	1.07044937854799
X3284LC	0.0724916398526631	0	0.301033510229785	0	0	0.0683849221663119	0	0.00191244152610532	0.0113700998585033	0	0	0.0340182805313299	0	0.140335621405153	0.0221034182094022	0.1826886487165	0	0.0064934689084694	0	0	0	0	0.034	0.194663937004504	1.00500634181682	0.840832051404223
CHG019115	0.0129824832950672	0	0.0834527169870006	0.0409972650557422	0	0.229827546164765	0	0	0.00870661780034063	0	0.0147486303003505	0.0248770291328885	0.0418594777801372	0.0486292647093048	0.0344182180895336	0.486954581664034	0	0	0.0278710529665457	0	0	0	0	0.466218045702811	0.884281917748293	1.05532488394571
CHG019672	0.0623117131594952	0.237373154666598	0.0658505455454708	0.169328870067519	0	0.566817822318901	0	0.0253453992635021	0.0430199732779509	0	0	0.0829857455202834	0.0555162356632742	0.0239444974260911	0.00190612443653672	0.336310148328751	0	0.0257452786427327	0.067939988368029	0	0	0	0	0.522930660603739	0.855150296605999	1.76439549668514
CHG019121	0.0908428322819964	0	0.193653767193788	0.305939601377357	0	0.122489328313838	0	0.0823430685148781	0.0938136543051549	0	0.180359249741575	0	0.0284659930797924	0.0938293500440933	0.0517557215000265	0.640624278661502	0	0	0.0367538684646318	0	0	0	0.001	0.363389373562664	0.932926464427175	1.92087071347863
CHG020056	0.0688040223560096	0	0.231357920341881	0.0198118316862338	0	0.328647650171525	0	0.00545427285465579	0	0	0	0.0453353359515745	0.0383507047156876	0.0133446676235322	0.0490722890562775	0.13432983508608	0	0.0173640292058983	0.19803282777559	0	0	0	0.018	0.226806720543574	0.985469297657455	1.14990538682495
CHG020062	0	0.0935607912413302	0.0911846541753726	0.109011064811291	0	0.304025009415377	0	0	0	0	0.0397577599120034	0.0355901659923743	0.0240871977248135	0.0655709363731137	0.00815873829610925	0.442625926599354	0.0859165816796187	0	0.147039866462967	0	0	0.00469583322939405	0.001	0.387359396773508	0.921814003173773	1.45122452591312
CHG020054	0	0.0273951408532539	0.0632707146592685	0.0217448232392768	0	0.186704810035062	0	0.0127796188219039	0.0134936665868305	0	0	0.0444849378718343	0.101119168815667	0.0968959317095017	0	0.454098217449788	0.126262610120562	0	0.0935135682446908	0	0	0	0.001	0.376079534016881	0.929436709343055	1.24176320840764
CHG020824	0.0660370010529919	0	0.111065380414413	0.0709322799789062	0	0.0765521736624747	0	0.0996045979515704	0	0	0	0.0421917256492511	0.0109289476767546	0.0166980878192112	0	0.107946982096182	0	0.0175495336557382	0.14348932854122	0	0	0	0.624	0.0236600108858029	1.06483417953037	0.762996038498714
CHG020817	0.0414798025377047	0	0.257599936304023	0.0352796246800189	0	0.351996144793609	0	0.0261480127988464	0	0	0	0.0594636599536153	0.00859175199014654	0.0125899695337748	0.0349750437239816	0.414853874478809	0.00640035931674341	0.00450064344360181	0	0.23043172547381	0	0	0.056	0.163661356585264	1.01303412615046	1.48431054902868
CHG020836	0	0.0236904316840564	0.0944386537070436	0.110502037660137	0	0.389673103198138	0	0.014898152804376	0.0363844904305415	0	0	0.0595737101378012	0.137149386944314	0.134046323148558	0.020726222800996	0.291365893669736	0	0.0708659770528013	0.0903940448214541	0	0	0	0.024	0.217184090873387	0.995355677881763	1.47370842805995
CHG019546	0	0.102354288266957	0.102111214013843	0.11019183507041	0	0.301647036050203	0	0.0737367549354673	0	0	0	0.0793125050553591	0.0124843447906407	0	0.0583828808445717	0.442266738708683	0	0	0.176891358660124	0	0	0	0.092	0.137214715731515	1.02529547469985	1.45937895639626
CHG019530	0.0681621491794253	0	0.144245526810369	0.0164412561481787	0	0.107925810378337	0	0.00745046329632163	0.0281851377598191	0	0	0.034340290232836	0.00878159045783812	0.20131163403543	0.0252447610473412	0.223973315036391	0	0	0	0.0282054601478468	0	0	0.018	0.227903575217986	0.997770493842416	0.894267394530133
CHG019676	0.0259770484884616	0.0647427429533664	0.180704641052012	0.0626572444892696	0	0.0997546345139308	0	0.0497048343004818	0	0	0.0197480782211067	0.0416119082404983	0.0418420380288851	0.0438027596181887	0.00247472453078819	0.315415359790434	0	0.0127138692533278	0.131993043673911	0	0	0	0.001	0.383308771936279	0.923601318029343	1.09314292715466
CHG020822	0.0913427996118577	0	0.218582673646016	0.152451444198857	0	0.108817717501307	0	0.0386715652625434	0.0574342531316257	0	0	0.0966128304718316	0	0.148428468694565	0.0451568521341231	0.194780960262802	0	0	0	0	0	0	0.001	0.343079924622834	0.941109831786039	1.15227956491553
CHG020842	0.0398965100810733	0	0.100490196316105	0.0933149031335432	0	0.381756517854073	0	0.0208604027146075	0	0	0.0308718678571216	0.0319754663885748	0.0303450009034925	0.0954905486235507	0.0414829947682777	0.436562177735928	0	0	0.0883089005071362	0	0	0	0.004	0.30838123426742	0.958000689143932	1.39135548688348
CHG020804	0.00289894749580881	0	0.244460846140325	0.0470958538308221	0	0.26473270375201	0	0.0265099276628617	0.00434413703135296	0	0	0.0516847711385234	0.110043523902474	0.118625895326164	0.0996604915233266	0.401867955193394	0	0.0938676071147708	0.0193107357821659	0.000688291760002599	0	0	0.005	0.290014981205883	0.964196171747876	1.485791687654
CHG020840	0.023374836977928	0.0122743451729616	0.0970104963245236	0.0713822119696518	0	0.389591621942412	0	0.0105197380868089	0.0360441359972656	0	0	0.0405847620301365	0.0607239907430464	0.1607480750111	0.0413421180939222	0.557380301781707	0.0360802956127889	0.000963531172809942	0.0241476904282195	0.0349228903559405	0	0.00924736035712357	0	0.478693558515377	0.878082799164729	1.60633840205835
CHG020830	0.0526591346697224	0	0.0534238399111688	0.0689390478631278	0	0.141330487131987	0	0.0256958993513677	0	0	0.0127315966362624	0.00953762344349608	0.0211295774289197	0.069480826911563	0.0049242569871709	0.458192802120251	0	0.0262808557565752	0.0137471105383088	0.00253791093302277	0	0	0.0620000000000001	0.158684721840024	1.03616249772888	0.960610969682944
X3255LC	0.012709547329512	0.0161922365576869	0.0702880896405957	0.0435502797330731	0	0.25772240121577	0	0.00303006423677678	0.000911214888820742	0	0	0.0327545488784985	0.0247531232246612	0.0340007029142106	0.0340059267175372	0.401509155715157	0	0	0.0311794040210087	0	0	0	0.00700000000000001	0.272392803641261	0.977050012324255	0.962606695073308
